0: 2 2 2 2 2 7D FF FF FF FF FF 53 41 D0 7D 0 

10: 7D 1 54 4 7D 1C 49 5F 6D 57 7D 59 44 1D 2D 60 

20: 58 4C 1E 50 9 39 7D 78 30 60 E 15 A 7C A 7D 

30: 3C 7D 3D 7D 4C 4F 2D 5D 3F 7D 44 7D 72 19 7E 6D 

40: 75 2F 37 63 7A 74 A7 53 6 69 4C 1E 5C D 75 9 

50: 49 31 5C 3F 5D 5C 6C 57 45 1D 7D 64 1F 58 51 79 

60: 14 38 79 1B 79 50 C E 19 40 7D 1F 61 55 7D 74 

70: 1D 55 7D 7D 6C 59 7D 35 35 51 6F E7 B4 5A 78 7C 

80: 0 2 2 2 2 2 2 24 9E E7 40 0 0 0 0 0 

90: 0 0 0 0 0 0 0 0 68 68 E7 FF FA 78 78 78 

A0: 78 78 2 0 2 2 2 2 2 2 2 2 2 2 2 2 

B0: 2 2 2 2 2 2 2 2 2 2 2 2 54 54 54 2 

C0: 2 2 2 54 2 10 54 54 54 2 2 2 2 2 2 2 

D0: 2 2 2 2 2 2 2 2 2 2 2 2 2 2 2 2 

E0: 2 2 54 54 54 2 2 2 2 2 2 2 2 2 2 2 

F0: 2 2 2 2 2 2 2 2 2 2 2 2 2 2 2 2 

100: 2 2 2 2 2 2 2 2 2 2 2 2 2 2 2 2 

110: 2 2 2 2 2 2 2 2 2 2 2 2 2 2 2 2 

120: 2 2 2 2 2 2 2 2 2 2 2 2 2 2 2 2 

130: 2 2 2 2 2 2 2 2 2 2 2 2 2 2 2 2 

140: 2 2 2 2 2 2 2 2 2 2 2 2 2 2 2 69 

150: 5F 7D 5C 7C 65 11 7C 7D 15 62 57 FC 75 2 4D 41 

160: 38 57 61 1A 7 54 2D 3C 3C 5 3D 7D 71 3D 68 5F 

170: 37 65 45 75 59 7D 59 7D 6C 1C 63 45 41 A 5 44 

180: 0 2 2 2 2 2 2 2 2 2 2 2 2 2 2 2 

190: 2 2 2 2 2 2 2 2 2 2 2 2 2 2 2 2 

1A0: 2 2 2 2 2 2 2 2 2 2 2 2 2 2 2 2 

1B0: 2 2 2 2 2 2 2 2 2 2 2 2 2 2 2 2 

1C0: 2 2 2 2 2 2 2 2 2 2 2 2 2 2 2 2 

1D0: 2 2 2 2 2 2 2 2 2 2 54 2 54 54 54 2 

1E0: 2 2 2 2 2 2 2 2 2 2 2 2 2 2 2 2 

1F0: 2 2 2 2 2 2 2 2 2 2 2 2 2 2 2 2 

200: 2 2 2 2 2 2 2 2 2 2 2 2 2 2 2 2 

210: 2 2 2 2 2 2 2 2 2 2 2 2 2 2 2 2 

220: 2 D 49 4B 38 37 22 52 11 65 51 1C 7D 79 49 5D 

230: 5D 5C 35 6D 7D 1D 75 51 2B 39 E7 78 4A C D 5D 

240: 69 24 22 17 15 42 7D 5 1D 9 75 39 35 5D 7F 5D 

250: 5C 6C 39 75 58 37 4 32 57 38 5C 4D 5D 43 79 23 

260: 27 29 8 68 34 5C 7D 74 7D 3F 35 2D 2D 75 69 63 

270: 7B 7D 59 49 4F 7D 1 7D 68 5D 1 6D 7C 6B 63 54 

280: 0 2 2 2 2 2 2 2 2 2 2 2 2 2 2 2 

290: 2 2 2 2 2 2 2 2 2 2 2 2 2 2 54 54 

2A0: 0 2 2 2 2 2 2 2 2 2 2 2 2 2 2 2 

2B0: 2 2 2 2 2 2 2 2 2 2 2 2 2 2 2 2 

2C0: 2 2 2 2 2 54 2 2 2 2 2 2 2 2 2 2 

2D0: 2 2 2 2 2 2 2 2 2 2 2 2 2 2 2 2 

2E0: 2 2 2 2 2 2 2 2 2 2 2 2 2 2 2 2 

2F0: 2 2 54 54 40 2 2 2 2 2 2 2 2 2 2 2 

300: 2 2 2 2 2 2 2 2 2 2 2 2 2 2 2 2 

310: 2 2 2 2 2 2 2 2 2 2 2 2 2 2 2 2 

320: 2 2 2 2 2 2 2 2 2 2 2 2 2 2 2 2 

330: 2 2 2 2 2 2 2 2 2 2 2 2 2 2 2 2 

340: 2 2 2 2 2 2 2 2 2 2 2 2 2 2 2 2 

350: 2 2 2 2 2 2 2 2 2 2 2 2 2 2 2 2 

360: 2 2 2 2 2 2 2 2 2 2 2 2 2 2 2 2 

370: 2 2 2 2 2 2 2 2 2 2 75 3F 79 6D 2D 3C 

380: 54 2 2 2 2 2 2 2 2 2 2 2 2 0 54 4 

390: 0 40 2 54 2 54 2 2 54 54 54 2 2 2 2 2 

3A0: 2 2 2 2 2 2 2 2 0 0 54 2 2 2 2 2 

3B0: 2 2 2 2 2 2 2 2 2 2 2 2 2 2 2 2 

3C0: 2 2 2 2 2 2 2 2 2 2 2 2 2 2 2 2 

3D0: 2 2 2 2 2 2 2 2 2 2 2 2 2 2 2 2 

3E0: 2 2 2 2 2 2 2 2 2 2 2 2 2 2 2 2 

3F0: 2 2 2 2 2 2 2 2 2 2 2 2 2 2 54 54 

400: 2 2 2 2 2 2 2 2 2 2 2 7D 7D 7D 7D 0 

410: 7D 1 7D 4 7D 1 7D 7D 2 2 2 2 2 2 2 2 

420: 2 2 2 7D 7D 7D 7D 66 2 2 2 2 2 2 2 2 

430: 2 2 2 2 2 2 2 2 2 2 2 2 2 2 2 2 

440: 2 2 2 2 2 2 2 2 2 2 2 2 2 2 2 2 

450: 2 2 2 2 2 2 2 2 2 2 2 2 2 2 2 2 

460: 2 2 7D 7D E2 2 2 2 2 2 2 2 2 2 2 2 

470: 2 2 2 2 2 2 2 2 2 2 2 2 2 2 2 2 

480: 2 2 2 2 2 2 2 2 2 2 2 2 2 2 2 2 

490: 2 2 2 2 2 2 2 2 2 2 2 2 2 2 2 2 

4A0: 2 2 2 2 2 2 2 2 2 2 2 2 2 2 2 2 

4B0: 2 2 2 2 2 2 2 2 2 2 2 54 0 0 54 54 

4C0: 2 54 54 54 54 2 2 2 2 2 2 2 2 2 2 2 

4D0: 2 2 2 2 2 2 2 2 0 2 54 2 2 2 2 2 

4E0: 2 2 2 2 2 0 54 40 54 2 2 2 2 54 54 54 

4F0: 0 2 2 2 2 2 2 2 2 2 2 2 2 2 2 2 

500: 2 2 2 2 2 2 2 2 2 2 2 2 2 2 2 2 

510: 2 2 2 2 2 2 2 7D 7D 7D 75 2 2 2 2 2 

520: 2 2 2 2 2 2 2 2 2 E4 2 2 2 2 2 2 

530: 2 2 2 2 2 2 2 7D 5D 3D 7D 2E 79 90 7D 45 

540: 4C 17 71 25 7F 6F 4B 29 59 49 C D 6A 61 3B 57 

550: 3D 28 15 40 25 5F 3D 76 6D 69 37 2D 5D 3D 79 3C 

560: 5B 5C 5F 4D 2C 79 15 13 39 5A 4C 6A 78 21 E 64 

570: 11 15 7D 5C 74 19 69 51 51 7D 5C 35 7B 1D 51 58 

580: 2 2 2 2 2 2 2 2 2 2 2 2 2 2 2 2 

590: 2 2 2 2 2 2 2 2 2 2 2 2 2 2 2 2 

5A0: 2 2 2 2 2 2 2 2 2 50 54 2 2 2 2 2 

5B0: 2 2 2 2 2 2 2 2 2 2 2 2 2 2 2 2 

5C0: 2 2 2 2 2 54 54 54 44 2 2 2 2 2 2 2 

5D0: 2 2 2 2 2 2 2 2 2 2 2 2 54 54 54 2 

5E0: 2 2 54 54 54 54 2 2 2 2 2 2 2 2 2 2 

5F0: 2 2 2 2 2 2 2 2 2 2 2 2 2 2 2 2 

600: 2 2 2 2 2 2 2 2 2 2 2 2 2 2 2 2 

610: 2 2 2 2 2 2 2 2 2 2 2 2 2 2 2 2 

620: 2 2 2 2 2 49 6F 21 21 4C 45 37 7D 6C 5F 77 

630: 5D 5D 21 3D 45 78 2C 69 3D 7D 1D 23 2F 37 61 43 

640: 27 32 22 E 7B 20 69 0 7D 55 79 6D 61 31 6C 7F 

650: 28 63 79 4D 49 38 4 2D 0 3 13 5B 39 39 23 55 

660: 9 1D 45 51 39 6D 39 49 79 5F 49 7C 3D 3D 69 79 

670: 79 6A 3D 3C 48 7D 20 68 78 39 59 31 14 E 65 4F 

680: 0 2 2 2 2 2 2 2 2 2 2 2 2 2 2 2 

690: 2 2 2 2 2 2 2 2 2 2 2 2 2 2 2 2 

6A0: 2 2 2 2 2 2 2 2 2 2 2 2 2 2 2 2 

6B0: 2 2 2 2 2 2 2 2 2 2 2 2 2 2 2 2 

6C0: 2 2 2 2 2 2 2 2 2 2 2 2 2 2 2 2 

6D0: 2 2 2 2 2 2 2 2 2 2 2 2 2 2 2 2 

6E0: 2 2 2 2 2 2 2 2 2 2 2 2 2 2 2 2 

6F0: 2 2 2 2 2 2 2 2 2 2 2 54 0 54 54 54 

700: 40 20 49 61 39 79 E 7D 74 4C 3F 3D 61 21 5D 59 

710: 7B 21 2D 7D 3C E7 3E 7D 7E 7D 68 E7 23 51 2C 78 

720: 5F 6B A 5D 75 39 49 75 49 7D 5F 7D 71 61 3D 7D 

730: 49 44 13 7D 70 E7 14 61 7E 7B 38 23 57 1E 19 2D 

740: 6D 31 19 7D 3C 75 57 5F 60 31 63 47 79 38 1D 2A 

750: 52 41 34 34 38 20 17 3F 2A 8 7C 45 29 35 75 61 

760: 49 35 7D 3D 5D 59 7D 7B 69 67 15 7B 47 65 F 40 

770: 61 74 33 30 41 1D 5C 37 6C 71 7C 7D 7D 3D 75 79 

780: 14 54 2 2 2 2 2 2 2 2 2 2 2 2 2 54 

790: 54 54 54 2 2 2 2 40 54 54 2 2 2 2 2 2 

7A0: 2 2 2 2 2 2 2 2 2 2 2 2 2 2 2 2 

7B0: 2 2 2 2 2 2 2 2 2 2 2 2 2 2 2 2 

7C0: 0 2 2 2 2 2 2 2 2 54 54 54 2 2 2 2 

7D0: 2 2 2 0 0 40 54 54 54 2 2 2 2 2 2 2 

7E0: 2 2 2 2 2 2 2 2 2 2 2 2 2 2 2 2 

7F0: 2 2 2 2 2 2 2 2 2 2 2 2 2 2 2 2 

800: 7D 7D 7D 80 1D 24 7D 0 7D 81 2 2 2 2 2 2 

810: 2 2 2 4 1B 1 31 0 7D 82 2 2 2 4A 14 39 

820: 20 27 9 79 77 3B 33 3F 4E 39 1D 7D 5F 3C 71 7D 

830: 5C 7C 79 7D 69 6C 3 7D 4A 7D 58 7D 68 79 38 54 

840: 19 79 76 50 8 5D 15 49 49 5F 69 3D 31 61 5D 39 

850: 7D 1D 12 7C 34 64 21 7A 16 28 38 79 64 20 15 F 

860: 64 48 4F 41 7C 73 6D 34 3E 49 7D 49 69 79 5D 20 

870: 71 5D 3D 43 14 7D 1D 7C 8 29 58 6A 50 7E 1F 27 

880: 0 54 2 2 2 2 2 2 2 2 2 2 2 2 2 2 

890: 2 2 2 2 2 2 2 2 2 2 2 2 2 2 2 2 

8A0: 2 2 2 2 2 2 2 2 2 2 2 2 2 2 2 2 

8B0: 2 2 2 2 2 2 2 2 2 2 2 2 2 2 2 2 

8C0: 2 2 2 2 2 2 2 2 2 2 2 2 2 2 2 2 

8D0: 2 2 2 2 2 2 2 2 2 2 2 2 2 2 2 2 

8E0: 2 2 2 2 2 2 2 2 2 2 2 2 2 2 2 2 

8F0: 2 2 2 2 2 2 2 2 2 2 2 2 2 2 2 2 

900: 2 2 2 2 2 2 2 2 2 2 2 2 2 2 2 2 

910: 2 2 2 2 2 2 2 2 2 2 2 2 2 2 2 2 

920: 2 2 2 2 2 2 2 2 2 2 2 2 2 2 2 2 

930: 2 2 2 2 2 2 2 2 2 2 2 2 2 2 2 2 

940: 2 2 2 2 2 2 2 2 2 2 2 2 2 2 2 2 

950: 2 2 2 2 2 2 2 2 2 2 2 2 2 2 2 2 

960: 2 2 2 2 2 2 2 2 2 2 2 2 2 2 2 2 

970: 2 2 2 2 2 2 2 2 2 2 2 2 2 2 2 2 

980: 2 2 2 2 2 2 2 2 2 2 2 2 2 2 2 2 

990: 2 2 2 2 2 2 2 2 2 2 2 2 2 2 2 2 

9A0: 2 2 2 2 2 2 2 2 2 2 2 2 2 2 2 2 

9B0: 2 2 2 2 2 2 2 2 2 2 2 2 2 2 2 2 

9C0: 2 2 2 2 2 2 2 2 2 2 2 2 2 2 2 2 

9D0: 2 2 2 2 2 2 2 2 2 2 2 2 2 2 2 2 

9E0: 2 2 2 2 2 2 2 2 2 2 2 2 2 2 2 2 

9F0: 2 2 2 2 2 2 2 2 2 2 2 2 2 2 2 2 

A00: 2 2 2 2 2 2 2 2 2 2 2 2 2 2 2 2 

A10: 2 2 2 2 2 2 2 2 2 2 2 2 2 2 2 2 

A20: 2 2 2 2 2 2 2 2 2 2 2 2 2 2 2 2 

A30: 2 2 2 2 2 2 2 2 2 2 2 2 2 2 2 2 

A40: 2 2 2 2 2 2 2 2 2 2 2 2 2 2 2 2 

A50: 2 2 2 2 2 2 2 2 2 2 2 2 2 2 2 2 

A60: 2 2 2 2 2 2 2 2 2 2 2 2 2 2 2 2 

A70: 2 2 2 2 2 2 2 2 2 2 2 2 2 2 2 2 

A80: 2 2 2 2 2 2 2 2 2 2 2 2 2 2 2 2 

A90: 2 2 2 2 2 2 2 2 2 2 2 2 2 2 2 2 

AA0: 2 2 2 2 2 2 2 2 2 2 2 2 2 2 2 2 

AB0: 2 2 2 2 2 2 2 2 2 2 2 2 2 2 2 2 

AC0: 2 2 2 2 2 2 2 2 2 2 2 2 2 2 2 2 

AD0: 2 2 2 2 2 2 2 2 2 2 2 2 2 2 2 2 

AE0: 2 2 2 2 2 2 2 2 2 2 2 2 2 2 2 2 

AF0: 2 2 2 2 2 2 2 2 2 2 2 2 2 2 2 2 

B00: 2 2 2 2 2 2 2 2 2 2 2 2 2 2 7D 7D 

B10: 7D 1 7D 4 3D 58 3F 3B 79 7B 14 31 2D C E7 14 

B20: 7D 6B 3E 7F B8 68 7C 65 12 36 6E 1F 7D 18 6B 75 

B30: D 7D 4D 74 7D 3D 49 49 3D 7D 2C 7D 31 5C 7D 7D 

B40: 1D 6E 5C 6C 75 14 3F 65 61 78 74 6D B2 BD 17 76 

B50: 39 63 35 34 64 68 14 62 53 69 58 1D 3C 3D 9 7C 

B60: 3D 6C 7D 78 5D 7F 5C 3D 59 3B 44 8 2D 45 59 79 

B70: 5D 74 7D 14 24 49 45 4A 4C 1 7D 44 61 14 9 24 

B80: 0 2 2 2 2 2 2 2 2 2 2 2 2 2 2 2 

B90: 2 2 2 2 2 2 2 2 2 2 2 2 2 2 2 2 

BA0: 2 2 2 54 54 54 54 54 2 2 2 2 7D 2 EE FF 

BB0: FF FF FF FF FF FF FF FF FF FF FF FF FF F5 A7 90 

BC0: 21 1 E4 D2 54 54 54 54 2 2 2 2 2 2 2 2 

BD0: 2 2 2 2 2 2 54 54 2 54 2 2 2 2 2 2 

BE0: 2 2 2 2 2 2 2 2 2 2 2 2 2 2 2 2 

BF0: 2 2 2 2 2 2 2 2 2 2 2 2 2 2 2 2 

C00: 2 2 2 2 2 2 2 2 2 2 2 2 2 2 2 2 

C10: 2 2 2 2 2 2 2 2 2 2 2 2 2 2 2 2 

C20: 2 2 2 2 2 2 2 2 2 2 2 2 2 2 2 2 

C30: 2 2 2 2 2 2 2 2 2 2 2 2 2 2 2 2 

C40: 2 2 2 2 2 2 2 2 2 2 2 2 2 2 2 2 

C50: 2 2 2 2 2 2 2 2 2 2 2 2 2 2 2 2 

C60: 2 2 2 2 2 2 2 2 2 2 2 2 2 2 2 2 

C70: 2 2 2 2 2 2 2 2 2 2 2 2 2 2 2 2 

C80: 2 2 2 2 2 2 2 2 2 2 2 2 2 2 2 2 

C90: 2 2 2 2 2 2 2 2 2 2 2 2 2 2 2 2 

CA0: 2 2 2 2 2 2 2 2 2 2 2 2 2 2 2 2 

CB0: 2 2 2 2 2 2 2 2 2 2 2 2 2 2 2 2 

CC0: 2 2 2 2 2 2 2 2 2 2 2 2 2 2 2 2 

CD0: 2 2 2 2 2 2 2 2 2 2 2 2 2 2 2 2 

CE0: 2 2 2 2 2 2 2 2 2 2 2 2 2 2 2 2 

CF0: 2 2 2 2 2 2 2 2 2 2 2 2 2 2 2 2 

D00: 2 2 2 2 2 2 2 2 2 2 2 2 2 2 2 2 

D10: 2 6D 51 7D 59 7D 53 7D 7D D 3F 58 11 7A 35 27 

D20: 6C 2A 50 79 4A D C D 2 7D 5 7D 41 4E 45 30 

D30: 3B 3E 2F 69 7D 79 7D 1D 3C 31 31 51 15 34 D D 

D40: 59 1 70 7C B F 75 20 69 5C 4D D C 69 58 61 

D50: 50 69 35 5D 31 D 74 39 1D 5F 5F 20 55 34 7B 46 

D60: 75 78 39 2D 62 29 2 23 7A 4C 6A 2 4C 44 7D E 

D70: 32 5E 49 31 40 77 65 49 75 61 77 31 6D 6D 65 69 

D80: 54 2 2 2 2 2 2 54 54 2 2 2 2 2 2 2 

D90: 2 2 2 2 2 2 2 2 2 2 2 2 2 2 2 2 

DA0: 2 2 54 2 2 2 2 2 2 2 2 2 2 2 2 2 

DB0: 2 2 2 2 2 2 2 2 2 2 2 2 2 2 2 2 

DC0: 2 2 2 2 2 2 2 2 2 2 2 2 2 2 54 54 

DD0: 2 54 0 54 0 2 2 2 2 2 2 2 2 2 2 2 

DE0: 2 2 2 2 2 2 2 2 2 2 2 2 2 2 2 2 

DF0: 2 2 2 2 2 2 2 2 2 2 2 2 2 2 2 2 

E00: 2 2 2 2 2 2 2 2 2 2 2 2 2 2 2 2 

E10: 39 1B 7D 79 4 D 78 3D 7D 6D 70 78 1 3C 15 3 

E20: 7D 61 1 D D D 5D 4B 23 6F 1D 40 41 4D 34 57 

E30: 39 7D 3D 55 7D 35 35 7C 79 5D 7D 7C 3C 4F 1D 39 

E40: 4C D 61 45 31 7D 6E 5A 7D 9 61 49 77 6C 6D 7B 

E50: 45 7D 2F 6B 4C 4D 53 1 68 4A 6A C 5 64 16 1D 

E60: 26 7B 7D 5F 44 75 75 49 75 6C 50 44 39 7C 75 71 

E70: 3C 19 38 75 72 39 1E 20 69 5C C C 1 58 4D 75 

E80: 20 54 2 2 2 2 2 2 2 2 2 2 2 2 2 2 

E90: 2 2 2 2 2 2 2 2 2 2 2 2 2 2 2 2 

EA0: 2 2 2 2 2 2 54 2 0 54 54 2 2 2 2 2 

EB0: 2 2 2 2 2 2 2 2 2 2 2 2 2 2 2 2 

EC0: 2 2 2 2 2 2 2 2 2 2 2 2 2 2 2 2 

ED0: 2 2 2 2 2 2 2 2 2 2 2 2 2 2 2 2 

EE0: 2 2 2 2 2 2 2 2 2 2 2 2 2 2 2 2 

EF0: 2 2 2 2 2 2 2 2 2 2 2 2 2 2 2 2 

F00: 2 2 2 2 2 2 2 2 2 2 2 2 2 2 2 2 

F10: 2 2 2 2 2 2 2 2 2 2 2 2 2 2 2 2 

F20: 2 2 2 2 2 2 2 2 2 2 2 2 2 2 2 2 

F30: 2 2 2 2 2 2 2 2 2 2 2 2 2 2 2 2 

F40: 2 2 2 2 2 2 2 2 2 2 2 2 2 2 2 2 

F50: 2 2 2 2 2 2 2 2 2 2 2 2 2 2 2 2 

F60: 2 2 2 2 2 2 2 2 2 2 2 2 2 2 2 2 

F70: 2 2 2 2 2 2 2 2 2 2 2 2 57 17 41 1F 

F80: 0 2 2 2 2 2 2 2 2 2 2 2 2 2 2 2 

F90: 2 2 2 2 2 2 2 2 2 2 2 2 2 2 2 2 

FA0: 2 2 2 2 2 54 54 54 54 2 54 54 54 54 54 2 

FB0: 2 2 2 2 0 54 54 54 0 2 2 2 2 2 2 2 

FC0: 2 2 2 2 2 2 2 2 2 2 2 2 2 2 2 2 

FD0: 2 2 2 2 2 54 54 54 2 2 2 2 2 2 2 2 

FE0: 2 2 2 2 54 54 54 2 2 2 2 2 2 2 2 2 

FF0: 54 4 2 54 54 54 54 2 2 2 2 2 2 2 2 2 

1000: 2 2 2 2 2 2 2 2 2 2 2 2 2 2 2 2 

1010: 2 2 2 2 2 2 2 2 2 2 2 2 40 6 E7 3A 

1020: 7D 59 65 4C A 5C 5C 44 64 33 2F 49 7D 53 A 6D 

1030: 39 65 5D 5C 75 57 19 4C 75 5D 5F 7D 5C 3C 3F 67 

1040: 59 7D A 15 6D B 5C 12 B 15 1 29 4 1F 58 24 

1050: 74 A 1 A 4 5 44 64 38 42 17 E 39 65 48 7C 

1060: 58 25 21 5F 3D 49 7D 34 75 35 69 35 31 70 5D 6C 

1070: 5D 3C 7D 79 7D 75 5C 6E 3D 7D D 1 72 64 30 69 

1080: 0 54 2 2 2 2 2 2 54 2 54 0 54 54 2 2 

1090: 2 2 2 2 2 2 2 2 2 2 2 2 2 2 2 2 

10A0: 2 2 2 2 2 2 2 2 2 2 2 2 2 2 2 2 

10B0: 2 2 2 2 2 2 2 2 2 2 2 2 2 2 2 2 

10C0: 2 2 2 2 2 2 2 2 2 2 2 2 2 2 2 2 

10D0: 2 2 2 2 2 2 2 2 2 2 2 2 2 2 2 2 

10E0: 2 2 2 2 2 2 2 2 2 2 2 2 2 2 2 2 

10F0: 2 2 2 2 2 2 2 2 2 2 2 2 2 2 2 2 

1100: 2 2 2 2 2 2 2 2 2 2 2 2 2 2 2 2 

1110: 2 2 2 2 2 2 2 2 2 2 2 2 2 2 2 2 

1120: 2 2 2 2 2 2 2 2 2 2 2 2 2 2 2 2 

1130: 2 2 2 2 2 2 2 2 2 2 2 2 2 2 2 2 

1140: 57 53 11 9 78 19 4C 39 52 78 7A 2F 65 35 74 69 

1150: 79 69 71 6C 17 51 38 61 7C 3C 7D 79 7D 5 75 32 

1160: 5D 5B 71 7A 15 54 5D 59 47 6A 7D 29 6E 27 50 50 

1170: 57 30 C 1 6 7A 56 50 3E 65 64 10 19 6F 79 71 

1180: 0 54 2 2 2 2 2 2 2 2 2 2 2 2 2 2 

1190: 2 2 2 2 2 2 2 2 2 2 2 2 2 54 54 54 

11A0: 2 54 54 0 54 54 54 0 14 50 2 54 2 54 2 2 

11B0: 2 2 2 2 2 2 2 2 2 2 2 2 2 2 2 2 

11C0: 2 2 2 2 2 2 2 2 2 2 2 2 2 2 2 2 

11D0: 2 2 2 2 2 2 2 2 2 2 2 2 2 2 2 2 

11E0: 2 2 2 2 2 2 2 2 2 2 2 2 2 2 2 2 

11F0: 2 2 2 2 2 2 2 2 2 2 2 2 2 2 2 2 

1200: 2 2 2 2 2 2 2 2 2 2 2 2 2 2 2 2 

1210: 2 2 2 2 2 2 2 2 2 2 2 2 2 2 2 2 

1220: 2 2 2 2 2 2 2 2 2 2 2 2 2 2 2 2 

1230: 2 2 2 2 2 2 2 2 2 2 2 2 2 2 2 2 

1240: 2 2 2 2 2 2 2 2 2 2 2 2 2 2 2 2 

1250: 2 2 2 2 2 2 2 2 2 2 2 2 2 2 2 2 

1260: 2 2 2 2 2 2 2 2 2 2 2 2 2 2 2 2 

1270: 2 2 2 2 2 2 2 2 2 2 2 2 2 2 2 2 

1280: 2 2 2 2 2 2 2 2 2 2 2 2 2 2 2 2 

1290: 2 2 2 2 2 2 2 2 2 2 2 2 2 2 2 2 

12A0: 2 2 2 2 2 2 2 2 2 2 2 2 2 2 2 2 

12B0: 2 2 2 2 2 2 2 2 2 2 2 2 2 2 2 2 

12C0: 2 2 2 2 2 2 2 2 2 2 2 2 2 2 2 2 

12D0: 2 2 2 2 2 2 2 2 2 2 2 2 2 2 2 2 

12E0: 2 2 2 2 2 2 2 2 2 2 2 2 2 2 2 2 

12F0: 2 2 2 2 2 2 2 2 2 2 2 2 2 2 2 2 

1300: 2 2 2 2 2 2 2 7D 7D 7D 7D 7D 7D 49 79 7D 

1310: 75 49 4D 1F 15 6D 35 5D 5D 7D 7D D 14 7D 68 7D 

1320: 79 5 12 1 5 29 49 4A 4 7D 31 7D 14 54 1F 7D 

1330: 9 78 1A 13 41 19 A 56 37 14 55 7D 49 7D 9 7D 

1340: 49 3F 4D 6F 5F 65 21 59 75 39 3D 3B 7B 75 69 5C 

1350: 6C 6D 4D 4D 22 3F 69 7D 29 41 2F 12 10 3F 1F 3E 

1360: 6A 30 CD 1A 68 1E 1D 7D 49 49 74 49 34 4D 71 6F 

1370: 6D 61 7D 59 5C 34 7D 6D 36 7D 35 25 60 35 1E 30 

1380: 43 2 2 2 2 2 2 2 2 2 2 2 2 2 2 2 

1390: 2 2 2 2 2 2 2 2 2 2 2 2 2 2 2 2 

13A0: 2 2 2 2 2 2 2 2 2 2 2 2 2 2 2 2 

13B0: 2 2 2 2 2 2 2 2 2 2 2 2 2 2 2 2 

13C0: 2 2 2 2 2 2 2 2 2 2 2 2 2 2 2 2 

13D0: 2 2 2 2 2 2 2 2 2 2 2 2 2 2 2 2 

13E0: 2 2 2 2 2 2 2 2 2 2 2 2 2 2 2 2 

13F0: 2 2 2 2 2 2 2 2 2 2 2 2 2 2 2 2 

1400: 2 2 2 2 2 2 2 2 2 2 2 2 2 2 2 2 

1410: 2 2 2 2 2 2 2 2 2 2 2 2 2 2 2 2 

1420: 2 2 2 2 2 2 2 2 2 2 2 2 2 2 2 2 

1430: 2 2 2 2 2 2 2 2 2 2 2 2 2 2 2 2 

1440: 2 2 2 2 2 2 2 2 2 2 2 2 2 2 2 2 

1450: 2 2 2 2 2 2 2 2 2 2 2 2 2 2 2 2 

1460: 2 2 2 2 2 2 2 2 2 2 2 2 2 2 2 2 

1470: 2 2 2 2 2 2 2 2 2 2 2 2 2 2 2 2 

1480: 2 2 2 2 2 0 2 0 54 2 2 2 2 2 2 2 

1490: 2 2 2 2 54 54 54 2 0 2 4 54 54 54 0 2 

14A0: 54 54 54 54 4 2 2 2 2 2 2 2 2 2 2 2 

14B0: 2 2 2 2 2 2 2 2 2 2 2 2 2 2 2 2 

14C0: 54 2 54 54 54 2 2 2 2 2 2 2 2 2 2 2 

14D0: 2 2 2 2 2 2 2 2 2 2 2 2 2 2 2 2 

14E0: 2 2 2 2 2 2 2 2 2 2 2 2 2 2 2 2 

14F0: 2 2 2 2 2 2 2 2 2 2 2 2 2 2 2 2 

1500: 2 2 2 2 2 2 2 2 2 2 2 2 2 2 2 2 

1510: 2 2 2 2 2 2 2 2 2 2 2 2 2 2 2 2 

1520: 2 2 2 2 2 2 2 2 2 2 2 2 2 2 2 2 

1530: 2 2 2 2 2 2 2 2 2 2 2 2 2 2 2 2 

1540: 2 2 2 2 2 2 2 2 2 2 2 2 2 2 2 2 

1550: 2 2 2 2 2 2 2 2 2 2 2 2 2 2 2 2 

1560: 2 2 2 2 2 2 2 2 2 2 2 2 2 2 2 2 

1570: 2 2 2 2 2 2 2 2 2 2 2 2 2 2 2 2 

1580: 2 2 2 2 2 2 2 2 2 2 2 2 2 2 2 2 

1590: 2 2 2 2 2 2 2 2 2 2 2 2 2 2 2 2 

15A0: 2 2 2 2 2 2 2 2 2 2 2 2 2 2 2 2 

15B0: 2 2 2 2 2 2 2 2 2 2 2 2 2 2 2 2 

15C0: 2 2 2 2 2 2 2 2 2 2 2 2 2 2 2 2 

15D0: 2 2 2 2 2 2 2 2 2 2 2 2 2 2 2 2 

15E0: 2 2 2 2 2 2 2 2 2 2 2 2 2 2 2 2 

15F0: 2 2 2 2 2 2 2 2 2 2 2 2 2 2 2 2 

1600: 2 7D 7D 19 7D 15 7D 0 7D 80 7D 1 7D 7D 7D 55 

1610: 5C 2D 7D 3C 67 74 7D 6D 2D 75 5B 44 7F 15 E7 F 

1620: 7D 3F 9 2 75 4C 26 2 35 2F 11 5C 7D 49 7D 75 

1630: 71 6F 75 5C 5D 7D 7D D 75 21 9 4D 2F 6A 54 25 

1640: 2C 29 3F 9 1D 2C 7B C E 1D D 79 3D 5F 4C 71 

1650: 21 39 5 6D 3C 27 16 4F 1C E 14 17 1F 35 3F 63 

1660: 1E 6F 3D 7D 71 78 5D 5C 7D 39 2B 11 15 29 D 8 

1670: 3 3F 54 2F 1C 7D 4C 15 3C 6A 38 49 79 69 4C 31 

1680: 12 2 2 2 2 2 2 2 2 2 2 2 2 2 2 2 

1690: 2 2 2 2 2 2 2 2 2 2 2 2 2 2 2 2 

16A0: 2 2 2 2 2 2 2 2 2 2 2 2 2 2 2 2 

16B0: 2 2 2 2 2 2 2 2 2 2 2 2 2 2 2 2 

16C0: 2 2 2 2 2 2 2 2 2 2 2 2 2 2 2 2 

16D0: 54 2 0 54 0 2 2 2 2 2 2 2 2 2 2 2 

16E0: 2 2 2 2 2 2 2 2 2 2 2 2 2 2 2 2 

16F0: 2 2 2 2 2 2 2 2 2 2 2 2 2 2 2 2 

1700: 2 2 2 2 2 2 2 2 2 2 2 2 2 2 2 2 

1710: 7F 72 7D 7D 28 9 F E 7D 4C 49 55 31 34 7D 5B 

1720: B 15 1F 7D 1D 59 1A 53 7D 42 26 15 F 1 7A 3 

1730: 5E 1 1D 7D 63 7D 75 77 75 78 35 5D 7D 5D 3C 7C 

1740: 7A 3D 38 1 60 74 14 3D 4C 11 1E 62 6B 3F 6D 6F 

1750: 54 38 69 49 77 5F 39 41 35 39 7D D 30 7D 48 34 

1760: 45 35 A 6E 61 3E 1A 73 27 40 1C 39 49 37 7D 71 

1770: 5D 50 7D 5C 59 34 7D 61 6C 7D 0 D 70 7A 1C E 

1780: 0 2 2 2 2 2 2 2 2 2 2 2 2 2 2 2 

1790: 2 2 2 2 2 2 2 2 2 2 2 2 2 2 2 2 

17A0: 2 2 2 2 2 2 2 2 2 2 2 2 2 2 2 2 

17B0: 2 2 2 2 2 2 2 2 2 2 2 2 2 2 2 2 

17C0: 2 2 2 2 2 2 2 2 2 2 2 2 2 2 2 2 

17D0: 2 2 2 2 2 2 2 2 2 2 2 2 2 2 2 2 

17E0: 2 2 2 2 2 2 2 2 2 2 2 2 2 2 2 2 

17F0: 2 2 2 2 2 2 2 2 2 2 2 2 2 2 2 2 

1800: 2 2 2 2 2 2 2 2 2 2 2 2 2 2 2 2 

1810: 2 2 2 2 2 2 2 2 2 2 2 2 2 2 2 2 

1820: 2 2 2 2 2 2 2 2 2 2 2 2 2 2 2 2 

1830: 2 2 2 2 2 2 2 2 2 2 2 2 2 2 2 2 

1840: 2 2 2 2 2 2 2 2 2 2 2 2 2 2 2 2 

1850: 2 2 2 2 2 2 2 2 2 2 2 2 2 2 2 2 

1860: 2 2 2 2 2 2 2 2 2 2 2 2 2 2 2 2 

1870: 2 2 7D B 2 2 2 2 2 2 2 2 2 2 2 2 

1880: 2 2 2 2 2 2 2 2 2 2 2 2 2 2 2 2 

1890: 2 2 2 2 2 2 2 2 2 2 2 2 2 2 54 2 

18A0: 2 54 2 54 2 54 54 54 54 2 54 54 54 2 2 2 

18B0: 2 2 2 2 2 2 2 2 2 2 2 2 2 2 2 2 

18C0: 2 2 2 2 2 2 2 2 2 2 2 2 2 2 2 2 

18D0: 2 2 2 2 2 2 2 2 2 2 2 2 2 2 2 2 

18E0: 2 2 2 2 2 2 2 2 2 2 2 2 2 2 2 2 

18F0: 2 2 2 2 2 54 54 54 0 2 0 2 2 0 54 54 

1900: 7D 20 5C 4B 5 47 60 15 75 9 7D 74 75 69 3C 31 

1910: 31 7D 5D 7D 45 77 8 6D 79 6 37 4C 65 5C 1D E 

1920: 53 33 57 6E 2 65 53 E 6A 4F 5C 7D 76 9 75 7D 

1930: 35 39 5F 5C 27 4D 7B 76 1D 7D 34 7D 5E 7D 3 69 

1940: 12 4F E 7D 73 5C 58 49 7D 39 7C 3D 3D 31 4C 51 

1950: 7F 3D 63 79 34 6D 65 59 7 7A 7B D 53 7C 3 4E 

1960: 53 51 7D 2F E 4 65 69 31 6 6A 5B 76 73 7E 78 

1970: 71 44 3C 74 75 7D 49 7D 1D 15 71 55 5F 7D 21 3D 

1980: 2 2 2 2 2 2 2 2 2 2 2 2 2 2 2 2 

1990: 2 2 2 2 2 2 2 2 2 2 2 2 2 2 2 2 

19A0: 2 2 2 2 2 2 2 2 2 2 2 2 2 2 2 2 

19B0: 2 2 2 2 2 2 2 2 2 2 2 2 2 2 2 2 

19C0: 2 2 2 2 2 2 2 2 2 2 2 2 2 2 2 2 

19D0: 2 2 2 2 2 2 2 2 2 2 2 2 2 2 2 2 

19E0: 2 2 2 2 2 2 2 2 54 54 54 54 54 2 2 2 

19F0: 2 2 2 2 2 2 2 2 2 2 2 2 2 2 2 2 

1A00: 2 2 2 2 2 2 2 2 2 2 2 2 2 2 2 2 

1A10: 2 2 2 2 2 2 2 2 2 2 2 2 2 2 2 2 

1A20: 2 2 2 2 2 2 2 2 2 2 2 2 2 2 2 2 

1A30: 2 2 2 2 2 2 2 2 2 2 2 2 2 2 2 2 

1A40: 2 2 2 2 2 2 2 2 2 2 2 2 2 2 2 2 

1A50: 2 2 2 2 2 2 2 2 2 2 2 2 2 2 2 2 

1A60: 2 2 7D 7D 7D 2D 6D 5D 69 3C 3C 44 45 75 15 25 

1A70: 79 7D 1D 7D 7C 74 50 65 1D E 6F 13 50 50 34 46 

1A80: 0 2 2 2 2 2 2 2 2 2 2 2 2 2 2 2 

1A90: 2 2 2 2 2 2 2 2 2 2 2 2 2 2 2 2 

1AA0: 2 2 2 2 2 2 2 2 2 2 2 2 2 10 44 0 

1AB0: 54 2 2 2 2 2 2 2 54 54 54 2 2 2 2 2 

1AC0: 2 2 54 54 54 2 2 2 2 2 2 2 2 2 2 2 

1AD0: 2 2 2 2 2 2 2 2 2 2 2 2 2 2 0 54 

1AE0: 2 2 2 2 2 2 2 2 2 2 2 2 2 2 2 2 

1AF0: 2 2 2 2 2 2 2 2 2 2 2 2 2 2 2 2 

1B00: 2 2 2 2 2 2 2 2 2 2 2 2 2 2 2 2 

1B10: 2 2 2 2 2 2 2 2 2 2 2 2 2 2 2 2 

1B20: 2 2 2 2 2 2 2 2 2 2 2 2 2 2 2 2 

1B30: 2 2 2 2 2 2 2 2 2 2 2 2 2 2 2 2 

1B40: 2 2 2 2 2 2 2 2 2 2 2 2 2 2 2 2 

1B50: 2 2 2 2 2 2 2 2 2 2 2 2 2 2 2 2 

1B60: 2 2 2 2 2 2 2 2 2 2 2 2 2 2 2 2 

1B70: 2 2 2 2 2 2 2 2 2 2 2 2 2 2 2 2 

1B80: 2 2 2 2 2 2 2 2 2 2 2 2 2 2 2 2 

1B90: 2 2 2 2 2 2 2 2 2 2 2 2 2 2 2 2 

1BA0: 2 2 2 2 2 2 2 2 2 2 2 2 2 2 2 2 

1BB0: 2 2 2 2 2 2 2 2 2 2 2 2 2 2 2 2 

1BC0: 2 2 2 2 2 2 2 2 2 2 2 2 2 2 2 2 

1BD0: 2 2 2 2 2 2 2 2 2 2 2 2 2 2 2 2 

1BE0: 2 2 2 2 2 2 2 2 2 2 2 2 2 2 2 2 

1BF0: 2 2 2 2 2 2 2 2 2 2 2 2 2 2 2 2 

1C00: 2 2 2 2 2 2 2 2 2 2 2 2 2 2 2 2 

1C10: 2 2 2 2 2 2 2 2 2 2 2 2 2 2 2 2 

1C20: 2 2 2 2 2 2 2 2 2 2 2 2 2 2 2 2 

1C30: 2 2 2 2 2 2 2 2 2 2 2 2 2 2 2 2 

1C40: 2 2 2 2 2 2 2 2 2 2 2 2 2 2 2 2 

1C50: 2 2 2 2 2 2 2 2 2 2 2 2 2 2 2 2 

1C60: 2 2 2 2 2 2 2 2 2 2 2 2 2 2 2 2 

1C70: 2 2 2 2 2 2 2 2 2 2 2 2 2 2 2 2 

1C80: 2 2 2 2 2 2 2 2 2 2 2 2 2 2 2 2 

1C90: 2 2 2 2 2 2 2 2 2 2 2 2 2 2 2 2 

1CA0: 2 2 2 2 2 2 2 2 2 2 2 2 2 2 2 2 

1CB0: 2 2 2 2 2 2 2 2 2 2 2 2 2 2 2 2 

1CC0: 2 2 2 2 2 2 2 2 2 2 2 2 2 2 2 54 

1CD0: 2 54 54 54 0 2 2 2 2 2 2 2 2 2 2 2 

1CE0: 2 2 2 2 2 2 2 2 2 2 2 2 2 2 2 2 

1CF0: 2 2 2 2 2 2 2 2 2 2 2 2 2 2 2 2 

1D00: 2 2 2 2 2 2 2 2 2 2 2 2 2 2 2 2 

1D10: 2 2 2 2 2 2 2 2 2 2 1E 13 22 30 3E 3F 

1D20: 7D 40 14 48 11 35 79 49 9 7C 49 31 7D 3D 3D 77 

1D30: 61 7B 75 6D 7D 57 44 12 7D 5E 23 7D 3E 6E 15 5F 

1D40: 4F 1E 46 3D 2C 3E 7D 18 6C 1F 59 69 3C 77 39 6C 

1D50: 4D 51 6D 5F 5D 3C 5C 6D 53 15 7D 39 3D 6F 7E 59 

1D60: 69 2 39 54 1A 2D 6E 1F 50 55 7D 49 2 7D 69 41 

1D70: 6A 4B 74 2F 79 78 9 9 46 1C 34 35 5D 50 5F 5D 

1D80: 40 12 2 2 2 2 2 2 2 2 2 2 2 2 2 54 

1D90: 2 54 54 54 54 54 54 2 2 2 2 2 2 2 2 2 

1DA0: 2 2 2 2 2 2 2 2 2 54 54 2 2 2 2 54 

1DB0: 2 54 2 2 2 2 2 2 2 2 2 2 2 2 2 2 

1DC0: 2 2 2 2 2 2 2 2 2 2 2 2 2 2 2 2 

1DD0: 2 2 2 2 2 2 2 2 2 2 2 2 2 2 2 2 

1DE0: 2 2 2 2 2 2 2 2 2 2 2 2 2 2 2 2 

1DF0: 2 2 2 2 2 2 2 2 2 2 2 2 2 2 2 2 

1E00: 2 2 2 2 2 2 2 2 2 2 2 2 2 2 2 2 

1E10: 2 2 2 2 2 2 2 2 2 2 2 2 2 2 2 2 

1E20: 2 2 2 2 2 2 2 2 2 2 2 2 2 2 2 2 

1E30: 2 2 2 2 2 2 2 2 2 2 2 2 2 2 2 2 

1E40: 2 2 2 2 2 2 2 2 2 2 2 2 2 2 2 2 

1E50: 2 2 2 2 2 2 2 2 2 2 2 2 2 2 2 2 

1E60: 2 2 2 2 2 2 2 2 2 2 2 2 2 2 2 2 

1E70: 2 2 2 2 2 2 2 2 2 2 2 2 2 2 2 2 

1E80: 2 2 2 2 2 2 2 2 2 2 2 2 2 2 2 2 

1E90: 2 2 2 2 2 2 2 2 2 2 2 2 2 2 2 2 

1EA0: 2 2 2 2 2 2 2 2 2 2 2 2 2 2 2 2 

1EB0: 2 2 2 2 2 2 2 2 2 2 2 2 2 2 2 2 

1EC0: 2 2 2 2 2 2 2 2 2 2 2 2 2 2 2 2 

1ED0: 2 2 2 2 2 2 2 2 2 2 2 2 2 2 2 2 

1EE0: 2 2 2 2 2 2 2 2 2 2 2 2 2 2 2 2 

1EF0: 2 2 2 2 2 2 2 2 2 2 2 2 2 2 2 2 

1F00: 2 2 2 2 2 2 2 2 2 2 2 2 2 2 2 2 

1F10: 2 2 2 2 2 2 2 2 2 2 2 2 2 2 2 2 

1F20: 2 2 2 2 2 2 2 2 2 2 2 2 2 2 2 2 

1F30: 2 2 2 2 2 2 2 2 2 2 2 2 2 2 2 2 

1F40: 2 2 2 2 2 2 2 2 2 2 2 2 2 2 2 2 

1F50: 2 2 2 2 2 2 2 2 2 2 2 2 2 2 2 2 

1F60: 2 2 2 2 2 2 2 2 2 2 2 2 2 2 2 2 

1F70: 2 2 2 2 2 2 2 2 2 2 2 2 2 2 2 2 

1F80: 2 2 2 2 2 2 2 2 2 2 2 2 2 2 2 2 

1F90: 54 54 54 54 54 54 2 2 2 54 54 2 2 2 2 2 

1FA0: 2 2 2 2 54 2 54 2 2 2 2 0 54 54 2 54 

1FB0: 2 54 54 54 54 2 2 2 2 2 2 2 2 2 2 2 

1FC0: 2 2 2 2 2 2 2 2 54 54 2 54 2 2 2 2 

1FD0: 2 2 2 2 2 2 2 2 2 2 2 2 2 2 2 2 

1FE0: 2 2 2 2 2 2 2 2 2 2 2 2 2 2 2 2 

1FF0: 2 2 2 2 2 2 2 2 2 2 2 2 2 2 2 2 

2000: 2 2 2 2 2 2 2 2 2 2 2 2 2 2 2 2 

2010: 2 2 2 2 2 2 2 2 2 2 2 2 2 2 2 2 

2020: 2 2 2 2 2 2 2 2 2 2 2 2 2 2 2 2 

2030: 2 2 2 2 2 2 2 2 2 2 2 2 2 2 2 2 

2040: 2 2 2 2 2 2 2 2 2 2 2 2 2 2 2 2 

2050: 2 2 2 2 2 2 2 2 2 2 2 2 2 2 2 2 

2060: 2 2 2 2 2 2 2 2 2 2 2 2 2 2 2 2 

2070: 2 2 2 2 2 2 2 2 2 2 2 2 2 2 2 2 

2080: 2 2 2 2 2 2 2 2 2 2 2 2 2 2 2 2 

2090: 2 2 2 2 2 2 2 2 2 2 2 2 2 2 2 2 

20A0: 2 2 2 2 2 2 2 2 2 2 2 2 2 2 2 2 

20B0: 2 2 2 2 2 2 2 2 2 2 2 2 2 2 2 2 

20C0: 2 2 2 2 2 2 2 2 2 2 2 2 2 2 2 2 

20D0: 2 2 2 2 2 2 2 2 2 2 2 2 2 2 2 2 

20E0: 2 2 2 2 2 2 2 2 2 2 2 2 2 2 2 2 

20F0: 2 2 2 2 2 2 2 2 2 2 2 2 2 2 2 2 

2100: 2 2 2 2 2 2 2 2 2 2 2 2 2 2 2 2 

2110: 2 2 2 2 2 2 2 2 2 2 2 2 2 2 2 2 

2120: 2 2 2 2 2 2 2 2 2 2 2 2 2 2 2 2 

2130: 2 2 2 2 2 2 2 2 2 2 2 2 2 2 2 2 

2140: 2 2 2 2 2 2 2 2 2 2 2 2 2 2 2 2 

2150: 2 2 2 2 2 2 2 2 2 2 2 2 2 2 2 2 

2160: 2 2 2 2 2 2 2 2 2 2 2 2 2 2 2 2 

2170: 2 2 2 2 2 2 2 2 2 2 2 2 2 2 2 2 

2180: 2 2 2 2 2 2 2 2 2 2 2 2 2 2 2 2 

2190: 2 2 2 2 2 0 24 FF FF FF FF FF FF 35 5 90 

21A0: D2 E C5 54 2 2 54 54 54 2 54 54 54 2 2 2 

21B0: 2 2 2 2 2 2 2 2 2 2 2 2 2 2 2 2 

21C0: 2 2 2 2 2 2 2 2 2 2 2 2 2 2 2 2 

21D0: 2 2 2 2 2 2 2 2 2 2 2 2 2 2 2 2 

21E0: 2 2 2 2 2 2 2 2 2 2 2 2 2 2 2 2 

21F0: 2 2 2 2 2 2 2 2 2 2 2 2 2 2 2 2 

2200: 2 2 2 2 2 2 2 2 2 2 2 2 2 2 2 2 

2210: 2 2 2 2 2 2 2 2 2 2 2 2 2 2 2 2 

2220: 2 2 2 2 2 2 2 2 2 2 2 2 2 2 2 2 

2230: 2 2 2 2 2 2 2 2 2 2 2 2 2 2 2 2 

2240: 2 2 2 2 2 2 2 2 2 2 2 2 2 2 2 2 

2250: 2 2 2 2 2 2 2 2 2 2 2 2 2 2 2 2 

2260: 2 2 2 2 2 2 2 2 2 2 2 2 2 2 2 2 

2270: 2 2 2 2 2 2 2 2 2 2 2 2 2 2 2 2 

2280: 2 2 2 2 2 2 2 2 2 2 2 2 2 2 2 2 

2290: 2 2 2 2 2 0 2 0 0 2 2 2 2 2 2 2 

22A0: 2 2 2 2 2 2 2 2 2 2 2 2 2 2 2 2 

22B0: 2 54 54 2 0 2 2 4 2 2 2 2 2 2 2 2 

22C0: 2 2 2 2 2 2 2 2 2 2 2 2 2 2 2 2 

22D0: 2 2 2 2 2 2 2 2 2 2 2 2 2 2 2 2 

22E0: 2 2 2 2 2 2 2 2 2 2 2 2 2 2 2 2 

22F0: 2 2 2 2 2 2 2 2 2 2 2 2 2 2 2 2 

2300: 2 2 2 2 2 2 2 2 2 2 2 2 2 2 2 2 

2310: 2 2 2 2 2 2 2 2 2 2 2 2 2 2 2 2 

2320: 2 2 2 2 2 2 2 2 2 2 2 2 2 2 2 2 

2330: 2 2 2 2 2 2 2 2 2 2 2 2 2 2 2 2 

2340: 2 2 2 2 2 2 2 2 2 2 2 2 2 2 2 2 

2350: 2 2 2 2 2 2 2 2 2 2 2 2 2 2 2 2 

2360: 2 2 2 2 2 2 2 2 2 2 2 2 2 2 2 2 

2370: 2 2 2 2 2 2 2 2 2 2 2 2 2 2 2 2 

2380: 2 2 2 2 2 2 2 2 2 2 2 2 2 2 2 2 

2390: 2 2 2 2 2 2 2 2 2 2 2 2 2 2 2 2 

23A0: 2 2 2 2 2 2 2 2 2 2 2 2 2 2 2 2 

23B0: 2 2 2 2 2 2 2 2 2 2 2 2 2 2 2 2 

23C0: 2 2 2 54 54 2 54 2 2 2 2 2 2 2 2 2 

23D0: 2 2 2 2 2 2 2 2 2 2 2 2 2 2 2 2 

23E0: 2 54 54 54 54 2 2 2 2 2 2 2 2 2 2 2 

23F0: 2 2 2 2 2 2 2 2 2 2 2 2 2 2 2 2 

2400: 2 2 2 2 2 2 2 2 2 2 2 2 2 2 2 2 

2410: 2 2 2 2 2 2 2 2 2 2 2 2 2 2 2 2 

2420: 2 2 2 2 2 2 2 2 2 2 2 2 2 2 2 2 

2430: 2 2 2 2 2 2 2 2 2 2 2 2 2 2 2 2 

2440: 2 2 2 2 2 2 2 2 2 2 2 2 2 2 2 2 

2450: 2 2 2 2 2 2 2 2 2 2 2 2 2 2 2 2 

2460: 2 2 2 2 2 2 2 2 2 2 2 2 2 2 2 2 

2470: 2 2 2 2 2 2 2 2 2 2 2 2 2 2 2 2 

2480: 2 2 2 2 2 2 2 2 2 2 2 2 2 2 2 2 

2490: 2 2 2 2 2 2 2 2 2 2 2 2 2 2 2 2 

24A0: 2 2 2 2 2 2 2 2 0 2 40 54 2 2 2 2 

24B0: 2 2 2 2 2 2 2 2 2 2 2 2 2 2 2 2 

24C0: 2 2 2 2 2 2 0 10 54 54 2 0 54 54 54 2 

24D0: 2 2 2 2 2 2 2 2 2 2 2 2 2 2 2 2 

24E0: 2 2 2 2 2 2 2 2 2 2 2 2 2 2 2 2 

24F0: 2 2 2 2 2 2 2 2 2 2 2 2 2 2 2 2 

2500: 2 2 2 2 2 2 2 2 2 2 2 2 2 2 2 2 

2510: 2 2 2 2 2 2 2 2 2 2 2 2 2 2 2 2 

2520: 2 2 2 2 2 2 2 2 2 2 2 2 2 2 2 2 

2530: 2 2 10 D 14 C 6C 22 11 1C 71 49 37 5D 55 5D 

2540: 5C 6D 4D 39 11 7D 35 C 6F 29 11 31 34 34 6C 7D 

2550: 5E 58 6D 5C 49 1D 3D 4F 79 6D 5C 39 65 7D 8 2D 

2560: 39 49 61 40 4 54 34 7A 45 79 58 1C 7C 71 6B 64 

2570: 6D 5D 74 37 6D 6C 79 51 2D 27 69 64 3D 48 2A 7E 

2580: 0 54 54 2 2 2 2 2 0 54 2 0 54 54 2 2 

2590: 2 2 2 2 2 2 2 2 2 2 2 2 2 2 2 2 

25A0: 2 2 2 2 2 2 2 2 2 2 2 2 2 2 2 2 

25B0: 2 2 2 2 2 2 2 2 2 2 2 2 2 2 2 2 

25C0: 2 2 2 2 2 2 2 2 2 2 2 2 2 2 2 2 

25D0: 2 2 2 2 2 2 2 2 2 2 2 2 2 2 2 2 

25E0: 2 2 2 2 2 2 2 2 2 2 2 2 2 2 2 2 

25F0: 2 2 2 2 2 2 2 2 2 2 2 2 2 2 2 2 

2600: 2 2 2 2 2 2 2 2 2 2 2 2 2 2 2 2 

2610: 2 2 2 2 2 2 2 2 2 2 2 2 2 2 2 2 

2620: 2 2 2 2 2 2 2 2 2 2 2 2 2 2 2 2 

2630: 2 2 2 2 2 2 2 2 2 2 2 2 2 2 2 2 

2640: 2 2 2 2 2 2 2 2 2 2 2 2 2 2 2 2 

2650: 2 2 2 2 2 2 2 2 2 2 2 2 2 2 2 2 

2660: 2 2 2 2 2 2 2 2 2 2 2 2 2 2 2 2 

2670: 2 2 2 2 2 2 2 2 2 2 2 2 2 2 2 2 

2680: 2 2 2 2 2 2 2 2 2 2 2 2 2 2 2 2 

2690: 2 2 2 2 2 2 2 2 2 2 2 2 2 2 2 2 

26A0: 2 2 2 2 2 2 2 2 2 2 2 2 2 2 2 2 

26B0: 2 2 2 2 2 2 2 2 2 2 2 2 2 2 2 2 

26C0: 2 2 2 2 2 2 2 2 2 2 2 2 2 2 2 2 

26D0: 2 2 2 2 2 2 2 2 2 2 2 2 2 2 2 2 

26E0: 2 2 2 2 2 2 2 2 2 2 2 2 2 2 2 2 

26F0: 2 2 2 2 2 2 2 2 2 2 2 2 2 2 2 2 

2700: 2 2 2 2 2 2 2 2 2 2 2 2 2 2 2 2 

2710: 2 2 2 2 2 2 2 2 2 2 2 2 2 2 2 2 

2720: 2 2 2 2 2 2 2 2 2 70 13 7C E7 1C 7D 65 

2730: 7D 38 65 7D 5C 67 37 6B 6A 4D 62 12 49 59 13 9 

2740: 48 A 1 3C 79 70 55 76 61 49 75 6C 37 6D 3F 7D 

2750: 67 64 7D 75 6F 67 79 45 3D 7A 41 53 24 58 7B 4 

2760: 5 45 67 50 1 75 20 4 11 61 6D 7D 4D 74 19 35 

2770: 5C 55 7F 37 59 39 79 79 54 39 70 3B 69 75 28 3B 

2780: 54 54 54 2 2 2 2 2 2 2 2 2 2 2 2 2 

2790: 2 2 2 0 50 54 2 2 2 2 2 2 2 2 2 2 

27A0: 54 54 54 2 2 2 2 2 2 2 2 2 2 2 2 2 

27B0: 2 2 2 2 2 2 2 2 2 2 2 2 2 2 2 2 

27C0: 2 2 2 2 2 2 2 2 2 2 2 2 2 2 2 2 

27D0: 2 2 2 2 2 2 2 2 0 54 2 54 54 54 14 2 

27E0: 44 54 54 54 54 2 2 2 2 2 2 2 2 2 2 2 

27F0: 2 2 2 2 2 2 2 2 2 2 2 2 2 2 2 2 

2800: 2 2 2 2 2 2 2 2 2 2 2 2 2 2 2 2 

2810: 2 2 2 2 2 2 2 2 2 2 2 75 63 58 3D 34 

2820: 1C 69 7C 62 F 75 50 79 5C 12 2 1 44 24 14 5D 

2830: 4B 1E 7D 7D 7D 71 7D 75 79 4D 5F 7D 3C 45 19 49 

2840: 75 25 39 29 7C 6D 3D 41 32 1D 5F 68 3B 6C 2 3D 

2850: 49 14 6E 2 66 4A 9 47 0 64 24 5D 3D 78 35 69 

2860: D 69 49 31 5D 6F 31 71 3D 5C 5C 65 3C 39 4C D 

2870: 55 1F 7D 55 78 5D 75 5D 4F 56 D 2C 50 63 79 49 

2880: 0 0 54 0 0 54 2 2 2 2 2 2 2 2 2 2 

2890: 2 2 2 2 2 2 2 2 2 2 2 2 2 2 2 2 

28A0: 2 2 2 2 2 2 2 2 2 2 2 2 2 2 2 2 

28B0: 2 2 2 2 2 0 0 54 54 2 54 2 2 2 2 2 

28C0: 2 2 2 2 2 2 2 2 2 2 2 2 2 2 2 2 

28D0: 2 2 2 2 2 2 2 2 2 2 2 2 2 2 2 2 

28E0: 2 2 2 2 2 2 2 2 2 2 2 2 2 2 2 2 

28F0: 2 2 2 2 2 2 2 2 2 2 2 2 2 2 2 2 

2900: 2 2 2 2 2 2 2 2 2 2 2 2 2 2 2 2 

2910: 2 2 2 2 2 2 2 2 2 2 2 2 2 2 2 2 

2920: 2 2 2 2 2 2 2 2 2 2 2 2 2 2 2 2 

2930: 2 2 2 2 2 2 2 2 2 2 2 2 2 2 2 2 

2940: 2 2 2 2 2 2 2 2 2 2 2 2 2 2 2 2 

2950: 2 2 2 2 2 2 2 2 2 2 2 2 2 2 2 2 

2960: 2 7D 7D 7D 7D 7D 0 2 2 7D FD EA 3D 35 7D 75 

2970: 79 6D 38 7F 25 61 65 7D 7B 75 39 1E 29 4F 77 1A 

2980: 2 54 54 2 2 2 2 2 2 2 2 2 2 2 2 2 

2990: 2 2 2 2 2 2 2 2 2 2 2 2 2 2 2 2 

29A0: 2 2 2 2 2 2 2 2 2 2 2 2 2 2 2 2 

29B0: 2 2 2 2 2 2 2 2 2 2 54 54 0 2 2 2 

29C0: 2 54 2 54 2 2 2 2 2 2 2 2 2 2 2 2 

29D0: 2 2 2 2 2 2 2 2 2 2 2 2 2 2 2 2 

29E0: 2 2 2 2 2 2 2 2 2 2 2 2 2 2 2 2 

29F0: 2 2 2 2 2 2 2 2 2 2 2 2 2 2 2 2 

2A00: 2 2 2 2 2 2 2 2 2 2 2 2 2 2 2 2 

2A10: 2 2 7D 3E 65 20 57 35 11 79 75 39 35 7D 35 50 

2A20: 3D 67 3B 75 5E 34 E 1 48 7D 31 7D 5C 35 78 50 

2A30: 5D 70 1D 3B 7D 49 7D 71 35 77 51 7D 5C 39 75 1F 

2A40: 1D 3F 3F 1D 31 5B 49 40 78 52 29 6C 69 67 59 7D 

2A50: 7D 49 35 4F 50 61 67 15 25 3D 15 63 55 70 50 49 

2A60: 2 C 4D 45 63 E7 64 6B 11 60 31 7D 7D 49 5C 38 

2A70: 18 3C 77 3C 7C 7C 75 3E 7F 16 1 56 5C E 11 50 

2A80: 0 54 54 54 54 2 2 2 54 54 2 2 2 2 2 2 

2A90: 2 2 2 2 2 2 2 2 2 2 2 2 2 2 2 2 

2AA0: 2 2 2 2 2 2 2 2 2 2 2 2 2 2 2 2 

2AB0: 40 54 2 2 2 2 2 2 2 2 2 2 2 2 2 2 

2AC0: 2 54 54 2 0 2 2 2 2 2 2 2 2 2 2 2 

2AD0: 2 2 2 2 2 2 2 2 2 2 2 2 2 2 2 2 

2AE0: 2 2 2 2 2 2 2 2 2 2 2 2 2 2 2 2 

2AF0: 2 2 2 2 2 2 2 2 2 2 2 2 2 2 2 2 

2B00: 2 2 2 2 2 2 2 2 2 2 2 2 2 2 2 2 

2B10: 2 2 2 2 2 2 2 2 2 2 2 2 2 2 2 2 

2B20: 2 2 2 2 2 2 2 2 2 2 2 2 2 2 2 2 

2B30: 2 2 2 2 2 2 2 2 2 2 2 2 2 2 2 2 

2B40: 2 2 2 2 2 2 2 2 2 2 2 2 2 2 2 2 

2B50: 2 2 2 2 2 2 2 2 2 2 2 2 2 2 2 2 

2B60: 2 2 2 2 2 2 2 2 2 2 2 2 2 2 2 2 

2B70: 2 2 2 2 2 2 2 2 2 2 2 2 2 2 2 2 

2B80: 2 2 2 2 2 2 2 2 2 2 2 2 2 2 2 2 

2B90: 2 2 2 2 2 2 2 2 2 2 2 2 2 2 2 2 

2BA0: 2 0 54 54 54 2 2 2 2 2 2 2 2 2 2 2 

2BB0: 2 2 2 2 2 2 2 2 2 2 2 2 2 2 2 2 

2BC0: 2 2 2 2 2 2 2 2 2 2 2 2 2 2 2 2 

2BD0: 2 2 2 2 2 2 2 2 2 2 2 2 2 2 2 2 

2BE0: 2 2 2 2 2 2 2 2 2 2 2 2 2 2 2 2 

2BF0: 2 2 2 2 2 2 2 2 2 2 2 2 2 2 2 2 

2C00: 2 2 2 2 2 2 2 2 2 2 2 2 2 2 2 2 

2C10: 2 2 2 2 2 35 35 7D 5C 35 67 7C 6D 78 16 3C 

2C20: 75 69 F 7A 16 69 7D A D D 4D 78 6B 57 6E 65 

2C30: 3 52 7E 7D 74 7D 76 71 5F 38 7D 7D 59 5 75 21 

2C40: 75 48 60 38 65 57 79 69 5D 5 64 37 4C 24 7 31 

2C50: 31 69 19 34 49 2C 55 27 5C 3D 3C 5 9 51 75 30 

2C60: 1A 28 64 74 7D C 44 64 31 4F 1A 2A 11 4D 19 49 

2C70: 77 55 7D 55 5F 61 3C 6D 7C 79 7D 24 1D 69 2F 24 

2C80: 0 2 2 2 2 2 2 2 2 2 2 2 2 2 2 2 

2C90: 2 2 2 2 2 2 2 2 2 2 2 2 2 2 2 2 

2CA0: 2 2 2 2 2 2 2 2 2 2 2 2 2 2 2 2 

2CB0: 2 2 2 2 2 2 2 2 2 2 2 2 2 2 2 2 

2CC0: 2 2 2 2 2 2 2 2 2 2 2 54 54 2 2 2 

2CD0: 2 2 2 2 2 2 2 2 2 2 2 2 2 2 2 2 

2CE0: 2 2 2 2 2 2 2 2 2 2 2 2 2 2 2 2 

2CF0: 2 2 2 2 54 54 54 2 2 2 2 2 2 2 2 2 

2D00: 2 2 2 2 2 2 2 2 2 2 2 2 2 2 2 2 

2D10: 2 2 2 2 2 2 2 2 2 2 2 2 2 2 2 2 

2D20: 2 2 2 2 2 2 2 77 20 68 5C 4D 7D 74 44 38 

2D30: 1F 3E 7D 38 38 7D 3B 3F 76 49 5F 31 55 2D 5D 63 

2D40: 5C 44 14 18 1D 3F 24 3F 20 6 52 78 69 5 4A 5 

2D50: 38 58 55 49 65 64 3D 27 55 4C 7D 69 4C 28 5D 5D 

2D60: 5F 5D 3D 6C 3D 2A 4B 61 7C 51 5D 49 7C 2E 21 58 

2D70: 44 A 44 79 3B 20 30 1F E 38 74 14 68 7D 3C 6C 

2D80: 44 2 2 2 2 2 2 2 2 2 2 2 2 2 2 2 

2D90: 2 2 2 2 2 2 2 2 2 2 2 2 2 2 2 2 

2DA0: 2 2 2 2 2 2 2 2 2 2 2 2 2 2 2 2 

2DB0: 2 2 2 54 54 54 54 2 2 2 2 2 2 2 2 2 

2DC0: 2 2 2 2 2 2 2 2 2 2 2 2 2 2 2 2 

2DD0: 2 2 2 54 54 2 0 54 0 2 2 2 2 2 2 2 

2DE0: 2 2 2 2 2 2 2 2 2 2 2 2 2 2 2 2 

2DF0: 2 2 2 2 2 2 2 2 2 2 2 2 2 2 54 54 

2E00: 4C 6B 78 20 17 9 79 40 C 9 3D 2D 28 31 39 7D 

2E10: 76 7D 35 7D 28 21 71 7D 5C 3C 4C D 78 64 7A 6E 

2E20: 1F 74 F 10 20 1B 44 60 69 21 33 2F 1E 65 48 3C 

2E30: 74 31 6F 7D 29 49 D 3D 75 76 71 7D 2F 21 55 7F 

2E40: 5C 4B 59 15 75 7D 49 55 37 27 51 79 24 53 58 39 

2E50: 74 49 79 78 20 32 3F 41 22 64 2C 15 54 75 49 50 

2E60: 75 39 9 75 3C 3F 4C 31 35 6D 7D 7D 31 59 61 45 

2E70: 65 34 7D 8 5 1D 5D 57 7D 17 7D 7F 72 4C 1A 40 

2E80: 54 2 2 2 2 2 2 2 2 2 2 2 2 2 2 2 

2E90: 2 2 2 2 2 2 2 2 2 2 2 2 2 2 2 2 

2EA0: 2 2 2 2 2 2 2 2 2 2 2 2 2 2 2 2 

2EB0: 2 2 2 2 2 2 2 2 2 2 2 2 2 2 2 2 

2EC0: 2 2 2 2 2 2 2 2 2 2 2 2 2 2 2 2 

2ED0: 2 2 2 2 2 2 2 2 2 2 2 2 2 2 2 2 

2EE0: 2 2 2 2 2 2 2 2 2 2 2 2 2 2 2 2 

2EF0: 2 2 2 2 2 2 2 2 2 2 2 2 2 2 2 2 

2F00: 2 2 2 2 2 2 2 2 2 2 2 2 2 2 2 2 

2F10: 2 2 2 2 2 2 2 2 2 2 2 2 2 2 2 2 

2F20: 2 2 2 2 2 2 2 2 2 2 7D 7D 7D 26 A3 2 

2F30: 2 2 2 2 2 2 2 2 2 2 2 2 2 2 2 2 

2F40: 2 2 2 2 2 2 7D 7D 22 2 2 2 2 7D 75 23 

2F50: 7D 7D 71 51 50 5D 7C 7C 25 3C 44 4D 75 6F 7C 78 

2F60: 75 65 77 19 2E 53 75 37 57 32 21 7D 79 49 69 79 

2F70: 20 54 20 C 23 6D 24 40 5E 59 5B 4D 38 5D 66 39 

2F80: 2 54 54 2 2 2 2 2 2 2 2 2 2 2 2 54 

2F90: 54 54 54 2 2 2 2 2 2 2 2 2 2 2 2 2 

2FA0: 2 2 2 2 2 2 2 2 2 2 2 2 2 2 2 2 

2FB0: 2 2 2 2 2 2 2 2 2 2 2 2 2 2 2 2 

2FC0: 2 2 2 2 2 2 2 2 2 2 2 2 2 2 2 2 

2FD0: 2 2 2 2 2 2 2 2 2 2 2 2 2 2 2 2 

2FE0: 2 2 2 2 2 2 2 2 2 2 2 2 2 2 2 2 

2FF0: 54 2 2 2 2 2 2 2 2 2 2 2 2 2 2 2 

3000: 2 2 2 2 2 2 2 2 2 2 2 2 2 28 2A 1E 

3010: 23 68 6A 2D 4A 7C 44 61 32 17 41 3C 78 2C 70 7D 

3020: 7D 6D 7D 6C 45 77 75 6C 35 31 31 70 7D 67 5D 79 

3030: 3C 6D 6D 6D 4B 19 58 4B 21 1E 3F 54 7D 27 50 5B 

3040: 45 61 34 78 64 21 51 14 1F 32 5C 76 4 1D 31 4D 

3050: 79 1C D 5C 49 5F 4C 51 5F 30 60 37 5F 3C 35 6D 

3060: 44 5D 75 6D 13 24 26 40 3A 4E 27 74 7E 69 4A 2 

3070: 2 4A 12 44 39 28 4E 65 20 41 D 43 74 74 3D 19 

3080: 14 54 2 2 2 2 2 2 2 2 2 2 2 2 2 2 

3090: 2 2 2 2 2 2 2 2 2 2 2 2 2 2 2 2 

30A0: 2 2 2 2 2 2 2 2 2 2 2 2 2 2 2 2 

30B0: 2 2 54 2 2 2 2 2 2 2 2 2 2 2 2 2 

30C0: 2 2 2 2 2 2 2 2 2 2 2 2 2 2 2 2 

30D0: 2 2 2 2 2 2 2 2 2 2 2 2 2 2 2 2 

30E0: 2 2 2 54 54 2 54 2 2 2 2 2 2 2 2 2 

30F0: 2 2 2 2 2 2 2 2 2 2 2 2 2 2 2 2 

3100: 2 2 2 2 2 2 2 2 2 2 2 2 2 2 2 2 

3110: 2 2 2 2 2 2 2 2 2 2 2 2 2 2 2 38 

3120: 6A 3D 35 7D 3D 64 5 5 6D 7D 63 7C 7D 41 75 4E 

3130: 79 6A 4A 4D 7D 44 74 52 A 75 20 34 79 7D 75 49 

3140: 77 69 79 70 61 44 39 1D 39 5F 65 3D 49 3 58 49 

3150: A 74 69 3C F 65 7F 5C 6D 75 74 3D 69 6C 2D 7C 

3160: 59 78 75 7C 2D 70 69 19 3A 79 12 4D 4A 49 3B 53 

3170: 66 27 24 69 61 9 7D 76 75 31 5C 5D 63 7D 43 1D 

3180: 2 2 2 2 2 2 2 2 2 2 2 2 2 2 2 2 

3190: 2 2 2 2 2 2 2 2 2 2 2 2 2 2 2 2 

31A0: 2 2 2 2 2 2 2 2 2 2 2 2 2 2 2 2 

31B0: 2 2 2 2 2 2 2 2 2 2 2 2 2 2 2 2 

31C0: 2 2 2 2 2 2 2 2 2 2 2 2 2 2 2 2 

31D0: 2 2 2 2 2 54 54 2 0 2 54 2 2 2 2 2 

31E0: 2 2 2 2 2 2 2 2 2 2 2 2 2 2 2 2 

31F0: 2 2 2 2 2 2 2 2 2 2 2 2 2 2 0 0 

3200: 58 57 33 65 4B 65 2C 79 5C 3D 76 7D 39 69 3C 35 

3210: 6F 7D 21 3D 65 4D 75 51 4D 3D 54 1 37 7D 7A 7D 

3220: 37 74 7D 68 74 30 27 9 1A 33 59 1 7D 1C 30 74 

3230: 74 69 75 5F 5C 6D 51 7D 5D 44 3D 5 78 D 79 79 

3240: 5B 10 3F 75 1E 4F 57 58 63 21 53 27 E 7D 54 B 

3250: B 2F 3D 3C 74 3C 1D 35 4C 7C 5D 7D 5C 6C 3D 7A 

3260: 70 4E 59 71 B 1D C 53 59 7E 7D 4B 58 33 5F C 

3270: 75 4F 1B 2C 74 79 31 9 69 3D 3D 35 5C 39 6C 2D 

3280: 54 2 2 2 2 2 2 2 2 2 2 2 2 2 2 2 

3290: 2 2 2 2 0 40 54 0 0 2 2 2 2 2 2 2 

32A0: 2 2 2 2 2 2 2 2 2 2 2 2 2 2 2 2 

32B0: 2 2 2 2 2 2 2 2 2 2 2 2 2 2 2 2 

32C0: 2 2 2 2 2 2 2 2 2 2 2 2 2 2 2 2 

32D0: 2 2 2 2 2 2 2 2 2 2 2 2 2 2 2 2 

32E0: 2 2 2 2 2 2 2 2 2 2 2 2 2 2 2 2 

32F0: 2 2 2 2 2 2 2 2 2 2 2 2 2 2 2 2 

3300: 2 2 2 2 2 2 2 2 2 2 2 2 2 2 2 2 

3310: 2 2 2 2 2 2 2 2 2 2 2 2 2 2 2 2 

3320: 2 2 2 2 2 2 2 2 2 2 2 2 2 2 2 2 

3330: 2 2 2 2 2 2 2 2 2 2 2 2 2 2 2 2 

3340: 2 2 2 2 2 2 2 2 2 2 2 2 2 2 2 2 

3350: 2 2 2 2 2 2 2 2 2 2 2 2 2 2 2 2 

3360: 2 2 2 2 2 2 2 2 2 2 2 2 2 2 2 2 

3370: 2 2 2 2 2 2 2 2 2 2 2 2 2 2 2 2 

3380: 2 54 54 54 54 2 2 2 2 2 2 2 2 2 2 2 

3390: 2 2 2 2 2 2 2 2 2 2 2 2 2 2 2 2 

33A0: 2 2 2 2 2 2 2 2 2 2 2 2 2 2 2 2 

33B0: 2 2 2 2 2 2 2 2 2 2 2 2 2 2 2 2 

33C0: 2 2 2 2 2 2 2 2 2 2 2 2 2 2 2 2 

33D0: 2 2 2 2 2 2 2 2 2 2 2 2 2 2 2 2 

33E0: 2 2 2 2 2 2 2 2 2 2 2 2 2 2 2 2 

33F0: 2 2 2 2 2 2 2 2 2 2 2 2 2 2 2 2 

3400: 2 2 2 2 2 2 2 2 2 2 2 2 2 2 2 2 

3410: 2 2 2 2 2 2 2 2 2 2 2 2 2 2 2 2 

3420: 2 2 2 2 2 2 2 2 2 2 2 2 2 2 2 2 

3430: 2 2 2 2 2 2 2 2 2 2 2 2 2 2 2 2 

3440: 2 2 2 2 2 2 2 2 2 2 2 2 2 2 2 2 

3450: 2 2 2 2 2 2 2 2 2 2 2 2 2 2 2 2 

3460: 2 2 2 2 2 2 2 2 2 2 2 2 2 2 2 2 

3470: 2 2 2 2 2 2 2 2 2 2 2 2 2 2 2 2 

3480: 2 2 2 2 2 2 2 2 2 2 2 2 2 2 2 2 

3490: 2 2 2 2 2 2 2 2 2 2 2 2 2 2 2 2 

34A0: 2 2 2 2 2 2 2 2 2 2 2 2 2 2 2 2 

34B0: 2 2 2 2 2 2 2 2 2 2 2 2 2 2 2 2 

34C0: 2 2 2 2 2 2 2 2 2 2 2 2 2 2 2 2 

34D0: 2 2 2 2 2 2 2 2 2 2 2 2 2 2 2 2 

34E0: 2 2 2 2 2 2 2 2 2 2 2 2 2 2 2 2 

34F0: 2 2 2 2 2 2 2 2 2 2 2 2 2 2 2 2 

3500: 2 2 2 2 2 2 2 2 2 2 2 2 2 2 2 2 

3510: 2 2 2 2 2 2 2 2 2 2 2 2 2 2 2 2 

3520: 2 2 2 2 2 2 2 2 2 2 2 2 2 2 2 2 

3530: 2 2 2 2 2 2 2 2 2 2 2 2 2 2 2 2 

3540: 2 2 2 2 2 2 2 2 2 2 2 2 2 2 2 2 

3550: 2 2 2 2 2 2 2 2 2 2 2 2 2 2 2 2 

3560: 71 2F 60 6C 59 44 25 7C 14 75 6B 70 58 2 35 1E 

3570: 6A 7D 7D 3C 57 20 17 26 3E 7A 55 40 6B 7D 6D 5A 

3580: 2 2 2 2 2 2 2 2 2 2 2 2 2 2 2 2 

3590: 2 2 2 2 2 2 2 2 2 2 2 2 2 2 2 2 

35A0: 2 2 2 2 2 2 2 2 2 2 2 2 2 2 2 2 

35B0: 2 2 2 2 2 2 2 2 2 2 2 2 2 2 2 2 

35C0: 2 2 2 2 2 2 2 2 2 2 2 2 2 0 54 2 

35D0: 2 2 2 2 2 2 2 2 2 2 2 2 2 2 2 2 

35E0: 2 2 2 2 2 2 2 2 2 2 2 2 2 2 2 2 

35F0: 2 2 2 2 2 2 2 2 2 2 2 2 2 2 2 2 

3600: 2 2 2 2 2 2 2 2 2 2 2 2 2 2 2 7D 

3610: 7D 7D 7D 7D 22 1 7D 7D 12 7D 75 7D 5D 94 7D 69 

3620: 77 5D 2D 69 35 65 79 1D 69 D 25 9 7D 31 74 3D 

3630: 10 57 33 4E 70 10 5B 11 61 64 41 4C 66 9 75 69 

3640: 49 6D 50 2C 2C 65 44 D 2F 38 7D 3D 1C 6 F 4F 

3650: 31 3E 19 50 59 65 35 75 39 3D D 7C 3D 71 69 50 

3660: 65 21 3C 7C 75 7F 4D 7D 73 41 28 1A 5 7A 32 53 

3670: 51 D 4D 2C 45 9 54 7D 2E 79 3C 3F 6D 5D 3F 69 

3680: 2 2 2 2 2 2 2 2 2 2 2 2 2 2 2 2 

3690: 54 54 46 2 2 2 2 12 2 2 2 2 2 2 2 2 

36A0: 2 2 2 2 2 2 2 2 2 2 2 54 54 54 54 2 

36B0: 2 2 2 2 2 2 2 2 2 2 2 2 2 2 2 2 

36C0: 2 2 2 2 2 2 2 2 2 2 2 2 2 2 2 2 

36D0: 2 2 2 2 2 2 2 2 2 2 2 2 2 2 2 2 

36E0: 2 2 2 2 2 2 2 2 2 2 2 2 2 2 2 2 

36F0: 2 2 2 2 2 2 2 2 2 2 2 2 2 2 2 2 

3700: 2 2 2 2 2 2 2 2 2 2 2 2 2 2 2 2 

3710: 2 2 2 2 2 2 2 2 2 2 2 2 2 2 2 2 

3720: 2 2 2 2 2 2 2 2 2 2 2 2 2 2 2 2 

3730: 2 2 2 2 2 2 2 2 2 2 2 2 2 2 2 2 

3740: 2 2 2 2 2 2 2 2 2 2 2 2 2 2 2 2 

3750: 2 2 2 2 2 2 2 2 2 2 2 2 2 2 2 2 

3760: 2 2 2 2 2 2 2 2 2 2 2 2 2 2 2 2 

3770: 2 2 2 2 2 2 2 2 2 2 2 2 2 2 2 2 

3780: 2 2 2 2 2 2 2 2 2 2 2 2 2 2 2 2 

3790: 2 2 2 2 2 2 2 2 2 2 2 2 2 2 2 2 

37A0: 2 2 2 2 2 2 2 2 2 2 2 2 2 2 2 2 

37B0: 2 2 2 2 2 2 2 2 2 2 2 2 2 2 2 2 

37C0: 2 2 2 2 2 2 2 2 2 2 2 2 2 2 2 2 

37D0: 2 2 2 2 2 2 2 2 2 2 2 2 2 2 2 2 

37E0: 2 2 2 2 2 2 2 2 2 2 2 2 2 2 2 2 

37F0: 2 2 2 2 2 2 2 2 2 2 2 2 2 2 2 2 

3800: 2 2 2 2 2 2 2 2 2 2 2 2 2 2 2 2 

3810: 2 2 2 2 2 2 2 2 2 2 2 2 2 2 2 2 

3820: 2 2 2 2 2 2 2 2 2 2 2 2 2 2 2 2 

3830: 2 2 2 2 2 2 2 2 2 2 2 2 2 2 2 2 

3840: 2 2 2 2 2 2 2 2 2 2 2 2 2 2 2 2 

3850: 2 2 2 2 2 2 2 2 2 2 2 2 2 2 2 2 

3860: 2 2 2 2 2 2 2 2 2 2 2 2 2 2 2 2 

3870: 2 2 2 2 2 2 2 2 2 2 2 2 2 2 2 2 

3880: 2 2 2 2 2 2 2 2 2 2 2 2 2 2 2 2 

3890: 2 2 2 2 2 2 2 2 2 2 2 2 2 2 2 2 

38A0: 2 2 2 2 2 2 2 2 2 2 2 2 2 2 2 2 

38B0: 2 2 2 2 2 2 2 2 2 2 2 2 2 2 2 2 

38C0: 2 2 2 2 2 2 2 2 2 2 2 2 2 2 2 2 

38D0: 2 2 2 2 2 2 2 2 2 2 2 2 2 2 2 2 

38E0: 2 2 2 2 2 2 2 2 2 2 2 2 2 2 2 2 

38F0: 2 2 2 2 2 2 2 2 2 2 2 2 2 2 2 2 

3900: 2 2 2 2 2 2 2 2 7D 39 78 1C 6F 6D 17 7 

3910: 7A 9 7D 20 5B 52 16 1C 7D 21 74 C 75 5C 7D 3C 

3920: 76 71 7D 79 31 31 7D 5C 3F 79 7C 6D 7D 51 1 1D 

3930: 69 3B 11 33 21 12 34 E 7D 14 3C 41 52 38 37 75 

3940: 39 49 7D 77 3C 3C 2D 51 77 3D 59 7B 9 55 4 6C 

3950: 12 53 7D E 5F 32 34 52 57 1E 6 15 43 76 37 3A 

3960: 34 69 49 3D 74 71 75 75 79 3F 7D 70 31 7C 3C 79 

3970: D 3D 42 29 1A 7D 1 7D 72 9 6F 57 50 57 2F 6E 

3980: 0 2 2 2 2 2 2 2 2 2 2 2 2 2 2 2 

3990: 2 2 2 2 2 2 2 2 2 2 2 2 2 2 2 2 

39A0: 2 2 2 2 2 2 2 2 2 2 2 2 2 54 54 0 

39B0: 40 54 54 54 2 2 2 2 2 2 2 2 2 2 2 2 

39C0: 2 2 2 2 2 2 2 54 54 54 54 54 54 2 2 2 

39D0: 2 2 2 2 2 2 2 2 2 2 2 2 2 2 2 2 

39E0: 2 2 2 2 2 2 2 2 2 2 2 2 2 2 2 2 

39F0: 2 2 2 2 2 2 2 2 2 2 2 2 2 2 2 2 

3A00: 2 2 2 2 2 2 2 2 2 2 2 2 2 2 2 2 

3A10: 2 2 2 7D 7D 7D 7D 7D 12 A3 7D 10 7D B6 7D 16 

3A20: 35 5D 2D 61 3D 35 79 6D 5 37 7D 3B 7D 13 7D E 

3A30: 27 4F D 2A 34 4B 76 7C D 71 79 35 3D 3D 7D 3D 

3A40: 75 78 31 31 6D 5D 68 64 7D 75 75 35 37 25 35 2 

3A50: 53 7A 1D E 4F 11 C 2 78 69 4E 1B 72 6B 63 45 

3A60: 31 75 77 19 7D 71 7C 37 37 2F 7D 50 7D 61 3C 14 

3A70: 76 44 71 4C 19 7D 54 7D 2C 3E C 9 5 75 58 5E 

3A80: 2 2 2 2 2 2 2 2 2 2 2 2 2 2 2 2 

3A90: 2 2 2 2 2 2 2 2 2 2 2 2 2 54 54 54 

3AA0: 54 2 2 2 2 2 2 2 2 2 2 2 2 2 2 2 

3AB0: 2 2 2 2 54 54 2 54 2 2 2 2 2 2 2 2 

3AC0: 2 2 2 2 2 2 2 2 2 2 2 2 2 2 2 2 

3AD0: 2 2 2 2 2 2 2 2 2 2 2 2 2 2 2 2 

3AE0: 2 2 2 2 2 2 2 2 2 2 2 2 2 2 2 2 

3AF0: 2 2 2 2 2 2 2 2 2 2 2 2 2 2 2 2 

3B00: 2 2 2 2 2 2 2 2 2 2 2 2 2 2 2 2 

3B10: 2 2 2 2 2 2 2 2 2 2 2 2 2 2 2 2 

3B20: 2 2 2 2 2 2 2 2 2 2 2 2 2 65 7D 49 

3B30: 79 69 2D 7D 5D 7F 3D 65 55 75 D 3D 29 2D F 44 

3B40: 40 74 6 9 3C 50 27 E 3D 35 B 1 65 41 5C 3F 

3B50: 75 49 79 D 3D 49 3D 5D 50 50 51 5D 7D 78 2A 2D 

3B60: 4D 58 37 E7 26 C 50 52 2F 9 7E 2A 6B 28 28 23 

3B70: 64 7D 79 9 39 5D 49 7D 29 5D 28 53 7B 75 6F 79 

3B80: 2 2 2 2 2 2 2 2 2 2 2 2 54 54 54 54 

3B90: 54 54 54 2 2 2 2 2 2 2 2 2 2 2 2 2 

3BA0: 2 2 2 2 2 2 2 2 2 2 2 2 2 2 2 2 

3BB0: 2 2 2 2 2 2 2 2 2 2 2 2 0 54 54 2 

3BC0: 2 2 16 2 2 54 2 2 2 54 2 54 2 2 2 2 

3BD0: 2 54 2 54 2 2 2 2 2 2 2 2 2 2 2 2 

3BE0: 2 2 2 2 2 2 2 2 2 2 2 2 2 2 2 2 

3BF0: 2 2 2 2 2 2 2 2 2 2 2 2 2 2 2 2 

3C00: 2 2 2 2 2 2 2 2 2 2 2 2 2 2 2 2 

3C10: 2 2 2 2 2 2 2 2 2 2 2 2 2 2 2 2 

3C20: 2 2 2 2 2 2 2 2 2 2 2 2 2 2 2 2 

3C30: 2 2 2 2 2 2 2 2 2 2 2 2 2 2 2 2 

3C40: 2 2 2 2 2 2 2 2 2 2 2 2 2 2 2 2 

3C50: 2 2 65 27 35 6B 15 49 49 74 39 1D 3D 1F 35 3F 

3C60: 6D 5D 37 7C 7D D 1C 60 9 57 29 15 70 61 35 A 

3C70: 1 43 43 30 27 C 1E 74 31 12 7D 2F 3D 31 75 3C 

3C80: 54 2 2 2 2 2 2 2 2 2 2 2 2 2 2 2 

3C90: 2 2 2 2 2 2 2 2 2 2 2 2 2 2 2 2 

3CA0: 2 2 54 54 2 54 2 2 2 2 2 2 2 2 2 2 

3CB0: 2 2 2 2 2 2 2 2 2 2 2 2 2 2 2 2 

3CC0: 2 2 2 2 2 2 2 2 54 2 54 54 2 2 54 54 

3CD0: 54 2 2 2 2 2 2 2 2 2 2 2 2 2 2 2 

3CE0: 2 2 2 2 2 2 2 2 2 2 2 2 2 2 2 2 

3CF0: 2 2 2 2 2 2 2 2 2 2 2 2 2 2 2 2 

3D00: 2 2 2 2 2 2 2 2 2 2 2 2 2 2 2 2 

3D10: 2 2 2 2 2 2 2 2 2 2 2 2 2 2 2 2 

3D20: 2 2 2 2 2 2 2 2 2 2 2 2 2 2 2 2 

3D30: 2 2 2 2 2 2 2 2 2 2 2 2 2 2 2 2 

3D40: 2 2 2 2 2 2 2 2 2 2 2 2 2 2 2 2 

3D50: 2 2 2 2 2 2 2 2 2 2 2 2 2 2 2 2 

3D60: 2 2 2 2 2 2 2 2 2 2 2 2 2 2 2 2 

3D70: 2 2 2 2 2 2 2 2 2 2 2 2 2 2 2 2 

3D80: 2 2 2 2 2 2 2 2 2 2 2 2 2 2 2 2 

3D90: 2 2 2 2 2 2 2 2 2 2 2 2 2 2 2 2 

3DA0: 2 2 2 2 2 2 2 2 2 54 54 2 2 2 2 2 

3DB0: 2 2 2 2 2 2 2 2 2 2 2 2 2 2 2 2 

3DC0: 2 2 2 2 2 2 2 2 2 54 54 54 54 54 54 2 

3DD0: 2 2 2 2 2 2 2 2 2 2 2 2 2 2 2 2 

3DE0: 2 2 2 2 2 2 2 2 2 2 2 2 2 2 2 2 

3DF0: 2 2 2 2 2 2 2 2 2 2 2 2 2 2 2 2 

3E00: 2 2 2 2 2 2 2 2 2 2 2 2 2 2 2 2 

3E10: 2 2 2 2 2 2 2 2 2 2 2 2 2 2 2 2 

3E20: 2 2 2 2 2 2 2 2 2 2 2 2 2 2 2 2 

3E30: 2 2 2 2 2 2 2 2 2 2 2 2 2 2 2 2 

3E40: 2 2 2 2 2 2 2 2 2 2 2 2 2 2 2 2 

3E50: 2 2 2 2 2 2 2 2 2 2 2 2 2 2 2 2 

3E60: 2 2 2 2 2 2 2 2 2 2 2 2 2 2 2 2 

3E70: 2 2 2 2 2 2 2 2 2 2 2 2 2 2 2 2 

3E80: 2 2 2 2 2 2 2 2 2 2 2 2 2 2 2 2 

3E90: 2 2 2 2 2 2 2 2 2 2 2 2 2 2 2 2 

3EA0: 2 2 2 2 2 2 2 0 54 2 2 2 2 2 2 2 

3EB0: 2 2 2 2 2 2 2 2 2 2 2 2 2 2 2 2 

3EC0: 2 2 2 2 2 2 2 2 2 2 2 2 2 2 2 2 

3ED0: 2 2 2 2 2 2 2 2 2 2 2 2 2 2 2 2 

3EE0: 2 2 2 2 2 2 2 2 2 2 2 2 2 2 2 2 

3EF0: 2 2 2 2 2 2 2 2 2 2 2 2 2 2 2 2 

3F00: 2 2 2 2 2 2 2 2 2 2 2 2 2 2 2 2 

3F10: 2 2 2 2 2 2 2 2 2 2 2 2 2 2 2 2 

3F20: 2 2 2 2 2 2 2 2 2 2 2 2 2 2 2 2 

3F30: 2 2 2 2 2 2 2 2 2 2 2 2 2 2 2 2 

3F40: 2 2 2 2 2 2 2 2 2 2 2 2 2 2 2 2 

3F50: 2 2 2 2 2 2 2 2 2 2 2 2 2 2 2 2 

3F60: 2 2 2 2 2 2 2 2 2 2 2 2 2 2 2 2 

3F70: 2 2 2 2 2 2 2 2 2 2 2 2 2 2 2 2 

3F80: 2 2 2 2 2 2 2 2 54 2 54 0 2 54 2 2 

3F90: 2 2 2 2 2 2 2 2 2 2 2 2 2 2 2 2 

3FA0: 2 2 2 2 2 2 2 2 2 2 2 2 2 2 2 2 

3FB0: 2 2 2 2 2 2 2 2 2 2 2 2 2 2 2 2 

3FC0: 2 2 2 2 2 2 2 2 2 2 2 2 2 2 2 2 

3FD0: 2 2 2 2 2 2 2 2 2 2 2 2 2 2 2 2 

3FE0: 2 2 2 2 2 2 2 2 2 2 2 2 2 2 2 2 

3FF0: 2 2 2 2 2 2 2 2 2 2 2 2 2 2 2 2 

4000: 2 2 2 2 2 2 2 2 2 2 2 2 2 2 2 2 

4010: 2 2 2 2 2 2 2 2 2 2 2 2 7D 1F 7D 1D 

4020: 73 24 3D 78 2C 3C 49 19 74 7D 7D 7D 7D 49 6F 7D 

4030: 2D 29 27 7D 9 D1 15 2C 35 7D 43 7D 13 7D 7D 56 

4040: 58 20 57 44 E 4B 6A 4C 7F 4C 55 39 6D 2F 74 7E 

4050: 45 3C 1D 49 77 55 2F 51 7D 70 69 58 59 7D 75 79 

4060: 29 7C 4D 41 24 50 1A 7E 45 24 30 37 51 4F 4F 1E 

4070: 79 2B 30 77 72 7D 18 2D 3C 7C 15 74 76 79 79 45 

4080: 54 54 54 2 2 2 2 2 2 2 2 2 2 2 2 2 

4090: 2 2 2 2 2 2 2 2 2 2 54 54 54 54 54 54 

40A0: 2 0 2 54 2 54 4 0 0 2 2 2 2 2 2 2 

40B0: 2 2 2 2 2 2 2 2 2 2 2 2 2 2 2 2 

40C0: 2 2 2 2 2 2 2 2 2 2 2 2 2 2 2 2 

40D0: 2 2 2 2 54 2 0 2 2 2 2 2 2 2 2 2 

40E0: 2 2 2 2 2 2 2 2 2 2 2 2 2 2 2 2 

40F0: 2 2 2 2 2 2 2 2 2 2 2 2 2 2 2 2 

4100: 2 2 2 2 2 2 2 2 2 2 2 2 2 2 2 2 

4110: 2 2 2 2 2 2 2 2 2 2 2 2 2 2 2 2 

4120: 2 2 2 2 2 2 2 2 2 2 2 2 2 2 2 2 

4130: 2 2 2 2 2 2 2 2 2 2 2 2 2 2 2 2 

4140: 2 2 2 2 2 2 2 2 2 2 2 2 2 2 2 2 

4150: 2 2 2 2 2 2 2 2 2 2 2 2 2 2 2 2 

4160: 2 2 2 2 2 2 2 2 2 2 2 2 2 2 2 2 

4170: 2 2 2 2 2 2 2 2 2 2 2 2 2 2 2 2 

4180: 2 2 2 2 2 2 2 2 2 2 2 2 2 2 2 2 

4190: 2 2 2 2 2 2 2 2 2 2 2 2 2 2 2 2 

41A0: 2 2 2 2 2 2 2 2 2 2 2 2 2 2 2 2 

41B0: 2 2 2 2 2 2 2 2 2 2 2 2 2 2 2 2 

41C0: 2 2 2 2 2 2 2 2 2 2 2 2 2 2 2 2 

41D0: 54 2 54 54 2 2 2 2 2 2 2 2 2 2 2 2 

41E0: 2 2 2 2 2 2 2 2 2 2 2 2 2 2 2 2 

41F0: 2 2 2 2 2 2 2 2 2 2 2 2 2 2 2 2 

4200: 2 2 2 2 2 2 2 2 2 2 2 2 2 2 2 2 

4210: 2 2 2 2 2 2 2 2 2 2 2 2 2 2 2 2 

4220: 2 2 2 2 2 2 2 2 2 2 2 2 2 2 2 2 

4230: 2 2 2 2 2 2 2 2 2 2 2 2 2 2 2 2 

4240: 2 2 2 2 2 2 2 2 2 2 2 2 2 2 2 2 

4250: 2 2 2 2 2 2 2 2 2 2 2 2 2 2 2 2 

4260: 2 2 2 2 2 2 2 2 2 2 2 2 2 2 2 2 

4270: 2 2 2 23 7D 9 2F 33 30 58 57 11 1E 7D 2C 79 

4280: 0 54 54 54 54 2 2 2 2 2 2 2 2 2 2 2 

4290: 2 2 2 2 2 54 2 54 0 2 2 2 2 2 2 2 

42A0: 2 2 2 2 2 2 2 2 2 2 2 2 2 2 2 2 

42B0: 2 2 2 54 54 2 0 0 0 54 2 2 2 2 2 2 

42C0: 2 2 2 2 2 2 2 2 2 2 2 2 2 2 2 54 

42D0: 54 54 54 54 54 54 0 4 2 2 2 2 2 2 2 2 

42E0: 2 2 2 2 2 2 2 2 2 2 2 2 2 2 2 2 

42F0: 2 2 2 2 2 2 2 2 2 2 2 2 2 2 2 2 

4300: 2 2 2 2 2 2 2 2 2 2 2 2 2 2 2 2 

4310: 2 2 2 2 2 2 2 2 2 2 2 2 2 2 2 2 

4320: 2 2 2 2 2 2 2 2 2 2 2 2 2 2 2 2 

4330: 2 2 2 2 2 2 2 2 2 2 2 2 2 2 2 2 

4340: 2 2 2 2 2 2 2 2 2 2 2 2 2 2 2 2 

4350: 2 2 2 2 2 2 2 2 2 2 2 2 2 2 2 2 

4360: 2 2 2 2 2 2 2 2 2 2 2 2 2 2 2 2 

4370: 2 2 2 2 2 2 2 2 2 2 2 2 2 2 2 2 

4380: 2 2 2 2 2 2 2 2 2 2 2 2 2 2 2 2 

4390: 2 2 2 2 2 2 2 2 2 2 2 2 2 2 2 2 

43A0: 2 2 2 2 2 2 2 2 2 2 2 2 2 2 2 2 

43B0: 2 2 2 2 2 2 2 2 2 2 2 2 2 2 2 2 

43C0: 2 2 2 2 2 2 2 2 2 2 2 2 2 2 2 2 

43D0: 2 2 2 2 2 2 2 2 2 2 2 2 2 2 2 2 

43E0: 2 2 2 2 2 2 2 2 2 2 2 2 2 2 2 2 

43F0: 2 2 2 2 2 2 2 2 2 2 2 2 2 2 2 2 

4400: 2 2 2 2 2 2 2 2 2 2 2 2 2 2 2 2 

4410: 2 2 2 2 2 2 2 2 2 2 2 2 2 2 2 2 

4420: 2 2 2 2 2 2 2 2 2 2 2 2 2 2 2 2 

4430: 2 2 2 2 2 2 2 2 2 2 2 2 2 2 2 2 

4440: 2 2 2 2 2 38 58 57 36 E 7D 6B 40 4F D 35 

4450: 75 79 75 74 4F 3C 77 5C 6D 5F 5F 5C 5D 3B D 4D 

4460: 51 2D 2 6A 53 7E 34 30 38 3B 7D 54 31 6 35 40 

4470: 43 24 35 79 75 69 49 4D 75 5D 5D 3D 5C 64 75 3D 

4480: 2 2 2 2 2 2 2 2 2 2 2 2 2 54 54 54 

4490: 2 2 2 2 2 2 2 2 2 2 2 2 2 2 2 2 

44A0: 2 2 2 2 2 54 54 54 0 2 54 54 40 2 2 2 

44B0: 2 2 2 2 2 2 2 2 2 2 2 2 2 2 2 2 

44C0: 2 2 2 2 2 2 2 2 2 2 2 2 2 2 2 2 

44D0: 2 2 2 2 2 2 2 2 2 2 2 2 2 2 2 2 

44E0: 2 2 2 2 2 2 2 2 2 2 2 2 2 2 2 2 

44F0: 2 2 2 2 2 2 2 2 2 2 2 2 2 2 2 2 

4500: 2 2 2 2 2 2 2 2 2 2 2 2 2 2 2 2 

4510: 2 2 2 2 2 2 2 2 2 2 2 2 2 2 2 2 

4520: 2 2 2 2 2 2 2 2 2 2 2 2 2 2 2 2 

4530: 2 2 2 2 2 2 2 2 2 2 2 2 2 2 2 2 

4540: 2 2 2 2 2 2 2 2 2 2 2 2 2 2 2 2 

4550: 2 2 2 2 2 2 2 2 2 2 2 2 2 2 2 2 

4560: 2 2 2 2 2 2 2 2 2 2 2 2 2 2 2 2 

4570: 2 2 2 2 2 2 2 2 2 2 2 2 2 2 2 2 

4580: 2 2 2 2 2 2 2 2 2 2 2 2 2 2 0 2 

4590: 0 54 54 54 54 54 54 2 2 2 2 2 2 2 2 2 

45A0: 2 2 2 2 2 2 2 2 2 2 2 2 2 2 2 2 

45B0: 2 2 2 2 2 2 2 2 2 2 2 2 2 2 2 2 

45C0: 2 2 2 2 2 2 2 2 2 2 2 2 2 2 2 2 

45D0: 2 2 2 2 2 2 2 2 2 2 2 2 2 2 2 2 

45E0: 2 2 2 2 2 2 2 2 2 2 2 2 2 2 2 2 

45F0: 2 2 2 2 2 2 2 2 2 2 2 2 2 2 2 2 

4600: 2 2 2 2 2 2 2 2 2 2 2 2 2 2 2 2 

4610: 2 2 2 2 2 2 2 2 2 2 2 2 2 2 2 2 

4620: 2 2 2 2 2 2 2 2 2 2 2 2 2 2 2 2 

4630: 2 2 2 2 2 2 2 2 2 2 2 2 2 2 2 2 

4640: 2 2 2 2 2 2 2 2 2 2 2 2 2 2 2 2 

4650: 2 2 2 2 2 2 2 2 2 2 2 2 2 2 2 2 

4660: 2 2 2 2 2 2 2 2 2 2 2 2 2 2 2 2 

4670: 2 2 2 2 2 2 2 2 2 2 2 2 2 2 2 2 

4680: 2 2 2 2 2 2 2 2 2 2 2 2 2 2 2 2 

4690: 2 2 2 2 2 2 2 2 2 2 2 2 2 2 2 2 

46A0: 2 2 2 2 2 2 2 2 2 2 2 2 2 2 2 2 

46B0: 2 2 2 2 2 2 2 2 2 2 2 2 2 2 2 54 

46C0: 54 2 2 2 2 2 2 2 2 2 2 2 2 2 2 2 

46D0: 2 2 2 2 2 2 2 2 2 2 2 2 2 2 2 2 

46E0: 2 2 54 54 54 2 2 2 2 2 2 2 2 2 2 2 

46F0: 2 2 2 2 2 2 2 2 2 2 2 2 2 2 2 2 

4700: 2 2 2 2 2 2 2 2 2 2 2 2 2 2 2 2 

4710: 2 2 2 2 2 2 2 2 2 2 2 2 2 2 2 2 

4720: 2 2 2 2 2 2 2 2 2 2 2 2 2 2 2 2 

4730: 2 2 2 2 2 2 2 2 2 2 2 2 2 2 2 2 

4740: 2 2 2 2 2 2 2 2 2 2 2 2 2 2 2 2 

4750: 2 2 2 2 2 2 2 2 2 2 2 2 2 2 2 2 

4760: 2 2 2 2 2 2 2 2 2 2 2 2 2 2 2 2 

4770: 2 2 2 2 2 2 2 2 2 2 2 2 2 2 2 2 

4780: 2 2 2 2 2 2 2 2 2 2 2 2 2 2 2 2 

4790: 2 2 2 2 2 2 2 2 2 2 2 2 2 2 2 2 

47A0: 2 2 2 2 2 2 2 2 2 2 2 2 2 2 2 2 

47B0: 2 2 2 2 2 2 2 2 2 2 2 2 2 2 2 2 

47C0: 2 2 2 2 2 2 2 2 2 2 2 2 2 2 2 2 

47D0: 2 2 2 2 2 2 2 2 2 2 2 2 2 2 2 2 

47E0: 2 2 2 2 2 2 2 2 2 2 2 2 2 2 2 2 

47F0: 2 2 2 2 2 2 2 2 2 2 2 2 2 2 2 2 

4800: 2 2 2 2 2 2 2 2 2 2 2 2 2 2 2 2 

4810: 2 2 2 2 2 2 2 2 2 2 2 2 2 2 2 2 

4820: 2 2 2 2 2 2 2 2 2 2 2 2 2 2 2 2 

4830: 2 2 2 2 2 2 2 2 2 2 2 2 2 2 2 2 

4840: 2 2 2 2 2 2 2 2 2 2 2 2 2 2 2 2 

4850: 2 2 2 2 2 2 2 2 2 2 2 2 2 2 2 2 

4860: 2 2 2 2 2 2 2 2 2 2 2 2 2 2 2 2 

4870: 2 2 2 2 2 2 2 2 2 2 2 2 2 2 2 2 

4880: 2 2 2 2 2 2 2 54 2 54 54 2 54 54 54 54 

4890: 54 54 54 2 2 2 2 2 2 2 2 2 2 2 2 2 

48A0: 2 2 2 2 2 2 2 2 2 2 2 2 2 2 2 2 

48B0: 2 2 2 2 2 2 2 2 2 2 2 2 2 2 2 2 

48C0: 2 2 2 2 2 2 2 2 2 2 2 2 2 2 2 2 

48D0: 2 2 2 2 2 2 2 2 2 2 2 2 2 2 2 2 

48E0: 2 2 2 2 2 2 2 2 2 2 2 2 2 2 2 2 

48F0: 2 2 2 2 2 2 2 2 2 2 2 2 2 2 2 2 

4900: 2 2 2 2 2 2 2 2 2 2 2 2 2 2 2 2 

4910: 2 2 2 2 2 2 2 2 2 2 2 2 2 2 2 2 

4920: 2 2 2 2 2 2 2 2 2 2 2 2 2 2 2 2 

4930: 2 2 2 2 2 2 2 2 2 2 2 2 2 2 2 2 

4940: 2 2 2 2 2 2 2 2 2 2 2 2 2 2 2 2 

4950: 2 2 2 2 2 2 2 2 2 2 2 2 2 2 2 2 

4960: 2 2 2 2 2 2 2 2 2 2 2 2 2 2 2 2 

4970: 2 2 2 2 2 2 2 2 2 2 2 2 2 2 2 2 

4980: 2 2 2 2 2 2 2 2 2 2 2 2 2 2 2 2 

4990: 2 2 2 2 2 2 2 2 2 2 2 2 2 2 2 2 

49A0: 2 2 2 2 2 2 2 2 2 2 2 2 2 2 2 2 

49B0: 2 2 2 2 2 2 2 2 2 2 2 2 2 2 2 2 

49C0: 2 2 2 2 2 2 2 2 2 2 2 2 2 2 2 2 

49D0: 2 2 2 2 2 2 2 2 2 2 2 2 2 2 2 2 

49E0: 2 2 2 2 2 2 2 2 2 2 2 2 2 2 2 2 

49F0: 2 2 2 2 2 2 2 2 2 2 2 2 2 2 2 2 

4A00: 2 2 2 2 2 2 2 2 2 2 2 2 2 2 2 2 

4A10: 2 2 2 2 2 2 2 2 2 2 2 2 2 2 2 2 

4A20: 2 2 7D 7D 7D 75 6D 79 1D 7C B3 6 7D 8 63 78 

4A30: 39 58 54 2F 78 69 7D 7E 61 24 7D 3C 9 49 74 69 

4A40: 4C 3F 6D 5F 7F 3D 7C 4B 9 71 8 24 57 64 29 23 

4A50: 16 58 64 7B 58 30 56 1F 25 51 3F 2 49 76 5D 77 

4A60: 9 69 4D 7C 69 35 50 2D 5D 5D 3D 64 D 75 6E 5F 

4A70: 51 62 78 E7 7E 7D 56 7D 7B 7B 59 38 54 21 3 1A 

4A80: 0 54 2 2 2 2 2 2 2 2 2 2 2 2 2 2 

4A90: 2 2 2 2 2 2 2 2 2 2 2 2 2 2 2 2 

4AA0: 2 2 2 2 2 2 2 2 2 2 2 2 2 2 2 2 

4AB0: 2 2 2 2 2 2 2 2 2 2 2 2 2 2 2 2 

4AC0: 2 2 2 2 2 2 2 2 2 2 2 2 2 2 2 2 

4AD0: 2 2 2 2 2 2 2 2 2 2 2 2 2 2 2 2 

4AE0: 2 2 2 2 2 2 2 2 2 2 2 2 2 2 2 2 

4AF0: 2 2 2 2 2 2 2 2 2 2 2 2 2 2 2 2 

4B00: 2 2 2 2 2 2 2 2 2 2 2 2 2 2 2 2 

4B10: 2 2 2 2 2 2 2 2 2 2 2 2 2 2 2 2 

4B20: 2 2 2 2 2 2 2 2 2 2 2 2 2 2 2 2 

4B30: 2 2 2 2 2 2 2 2 2 2 2 2 2 2 2 2 

4B40: 2 2 2 2 2 2 2 2 2 2 2 2 2 2 2 2 

4B50: 2 2 2 2 2 2 2 2 2 2 2 2 2 2 2 2 

4B60: 2 2 26 4C 3D 2F 7D 78 79 5 49 6B 38 23 10 F 

4B70: 65 8 C 67 22 71 7D 7D 49 37 79 4D 37 35 49 79 

4B80: 40 54 2 2 2 2 2 2 2 2 2 2 2 2 2 2 

4B90: 2 2 2 2 2 2 2 2 2 2 2 2 2 2 2 2 

4BA0: 2 2 2 2 2 2 2 2 2 2 2 0 54 54 54 2 

4BB0: 2 2 2 2 2 2 2 2 2 54 54 2 2 2 2 2 

4BC0: 2 2 2 2 2 2 2 2 2 2 2 2 2 2 2 2 

4BD0: 2 2 2 2 2 2 2 2 2 2 2 2 2 2 54 54 

4BE0: 2 54 54 2 2 2 2 2 2 2 2 2 2 2 2 2 

4BF0: 2 2 2 2 2 2 2 2 2 2 2 2 2 2 2 2 

4C00: 2 2 2 65 74 27 57 E 7A 4C 10 79 3D 6D 7D 7D 

4C10: 79 6D 7C 7D 7F 7D 55 31 64 79 75 30 19 C1 1B 51 

4C20: 49 53 38 20 30 3E 4E 18 50 2 59 7D 50 49 79 7D 

4C30: 77 1C 31 2D 5D 5D 39 74 75 7D 26 7D 68 69 19 2 

4C40: 52 21 57 2C 19 6A 61 C C 30 39 4D 7D 4C 75 5C 

4C50: 69 3D 30 61 68 4D 74 39 5E 2F 33 49 79 6A E 32 

4C60: 21 64 20 25 14 6F 26 5D 47 28 7B 1 39 4D 14 74 

4C70: 4D 71 7D 17 50 7D 70 63 3D 6D 25 1C 38 7F 25 4C 

4C80: 0 2 2 2 2 2 2 2 2 54 54 54 54 2 2 2 

4C90: 2 2 2 2 2 2 2 2 2 2 2 2 2 2 2 2 

4CA0: 2 2 2 2 2 2 2 2 2 2 2 2 2 2 2 2 

4CB0: 2 2 2 2 2 2 2 2 2 2 2 2 2 2 2 2 

4CC0: 2 2 2 2 2 2 2 2 2 2 2 2 2 2 2 2 

4CD0: 2 2 2 2 2 2 2 2 2 2 2 2 2 2 2 2 

4CE0: 2 2 2 2 2 2 2 2 2 2 2 2 2 2 2 2 

4CF0: 2 2 2 2 2 2 2 2 2 2 2 2 2 2 2 2 

4D00: 2 2 2 2 2 2 2 2 2 2 32 4C 78 69 7D 60 

4D10: 35 38 19 5 39 49 49 7D 6F 7F 58 3D 51 1D 3D 7D 

4D20: 38 3F 65 1F 57 22 6A 45 67 9 7C 30 74 46 60 7D 

4D30: 3D 39 7D 7D 49 1C 31 70 51 5D 59 5B 9 6D 34 48 

4D40: 2C 1 4C 19 57 20 34 33 1F F 18 74 1 42 49 3D 

4D50: 1D 9 4 77 19 37 71 6D 50 7D 37 65 45 A 19 3D 

4D60: 70 14 4F 65 F 36 53 58 31 11 4F 1D 28 2F 7D 18 

4D70: 7D 77 7D 7D 39 69 35 28 75 6D 7D 5C 63 D 35 59 

4D80: 0 2 2 2 2 2 2 2 2 2 2 2 2 2 2 2 

4D90: 2 2 2 2 2 2 2 2 2 2 2 2 2 2 2 2 

4DA0: 2 2 2 2 2 2 2 2 2 2 2 2 2 2 2 2 

4DB0: 2 54 2 54 54 0 0 2 0 54 54 54 54 2 2 2 

4DC0: 2 2 2 2 2 2 2 2 2 2 2 2 2 2 2 2 

4DD0: 2 2 2 2 2 2 2 2 2 2 2 2 2 2 2 2 

4DE0: 2 54 54 2 54 2 54 2 2 2 2 2 2 2 2 2 

4DF0: 2 2 2 2 2 2 2 2 2 2 2 2 2 54 2 2 

4E00: 6 15 20 7D 6 74 69 5 5D 7D 74 79 75 6F 5D 5F 

4E10: 5D 7D 78 7D 4D 35 19 5D 6A 1E 54 20 3B 39 30 55 

4E20: 7D 45 28 79 54 27 79 50 7C 9 7D 41 7D 4C 1C 51 

4E30: 3D 5F 28 39 4 9 15 3C 2E 40 E7 C 1A 6 7D 34 

4E40: 38 23 23 57 6F 3C 1D 51 27 4 6D 5C 39 35 79 74 

4E50: 7C 1C 49 31 2D 71 6D 5F 59 13 7B 14 7D 68 74 71 

4E60: 77 A 66 57 58 34 20 20 32 1 79 50 4F 31 5D 2D 

4E70: 5D 1D 7D 76 1D 77 3D 6D 6D 70 5C 5C 21 44 B5 D 

4E80: 0 2 2 2 2 2 2 2 2 2 54 54 54 2 2 2 

4E90: 2 2 2 2 2 2 2 2 2 2 2 2 2 2 2 2 

4EA0: 2 2 2 2 2 2 2 2 2 2 2 2 2 2 2 2 

4EB0: 2 2 54 54 2 0 54 54 2 2 2 2 2 2 2 2 

4EC0: 2 2 2 2 2 2 2 2 2 2 2 2 2 2 2 2 

4ED0: 2 2 2 2 2 2 2 2 2 2 2 2 2 2 2 2 

4EE0: 2 2 2 2 2 2 2 2 2 2 2 2 2 2 2 2 

4EF0: 2 2 2 2 2 2 2 2 2 2 2 2 2 2 2 2 

4F00: 7D 3 2 2 2 2 2 2 7D 80 2 2 2 2 2 2 

4F10: 2 2 7D 23 37 31 7E 4A 2F 6E 1A 6F 65 4C 50 9 

4F20: 7D 19 31 55 70 5D 31 67 6C 9 35 7D 50 6A E 15 

4F30: 30 63 78 69 68 39 37 7D 1D 1C 73 5 74 4C 79 7D 

4F40: 75 1D 7D 71 69 6D 51 5D 7D 59 64 75 D 27 71 48 

4F50: 3C 3C 75 2D 26 30 63 61 37 17 24 1E 78 57 21 7D 

4F60: 25 1D 3D 3D 79 7D 7D 35 35 2D 5D 6C 6C 44 39 75 

4F70: 6F 57 7D 44 4 15 E 12 23 58 38 20 54 E 66 71 

4F80: 43 2 2 2 2 2 2 2 2 2 2 2 2 2 2 2 

4F90: 2 2 2 2 2 2 2 2 2 2 2 2 2 2 2 2 

4FA0: 2 2 2 2 2 2 2 2 2 2 2 2 2 2 2 2 

4FB0: 2 2 2 2 2 2 2 2 2 2 2 2 2 2 2 2 

4FC0: 2 2 2 2 2 2 2 2 2 2 2 2 2 2 2 2 

4FD0: 2 2 2 2 2 2 2 2 2 2 2 2 2 2 2 2 

4FE0: 2 2 2 2 2 2 2 2 2 2 2 2 2 2 2 2 

4FF0: 2 2 2 2 2 2 2 2 2 2 2 2 2 2 2 2 

5000: 2 2 2 2 2 2 2 2 2 2 2 2 74 7D 7D 6D 

5010: 2C 5D 37 7D 10 60 72 7D 39 E7 50 53 68 57 27 37 

5020: 7A 55 27 73 45 79 6D 74 7E 7D 66 7D 1C 2D 51 6D 

5030: 55 7D 5D 7D 3C AD 39 78 44 19 53 E7 69 57 31 21 

5040: 5B 59 30 52 67 9 9 75 73 30 48 57 7F 69 46 35 

5050: 7D 77 4D 49 9 49 1C 55 78 50 2D 70 50 71 21 5C 

5060: 5D 6C 75 7C 18 65 3E C 2F 30 58 23 20 50 36 29 

5070: 22 51 3F 7E 5D 7D 31 7D F 77 49 79 51 2D 5D 2D 

5080: 54 2 2 2 2 2 2 2 2 2 2 2 2 2 2 2 

5090: 2 2 2 2 2 2 2 2 2 2 2 2 2 2 2 2 

50A0: 2 2 2 2 2 2 2 2 2 2 2 2 2 2 2 2 

50B0: 2 2 2 54 54 2 2 2 2 2 2 2 2 2 2 2 

50C0: 2 2 2 2 2 2 2 2 2 2 2 2 2 2 2 2 

50D0: 2 2 2 2 2 2 2 2 2 2 2 2 2 2 2 2 

50E0: 2 2 2 2 2 2 2 2 2 2 2 2 2 2 2 2 

50F0: 2 2 2 2 2 2 2 2 2 2 2 2 2 2 2 2 

5100: 2 2 2 2 2 2 2 2 2 2 2 2 2 2 2 2 

5110: 2 2 2 2 2 2 2 2 2 2 2 2 2 2 2 2 

5120: 2 2 2 2 2 2 2 2 2 2 2 2 2 2 2 2 

5130: 2 2 2 2 2 2 2 2 2 2 2 2 2 2 2 2 

5140: 2 2 2 2 2 2 2 2 2 2 2 2 2 2 2 2 

5150: 2 2 2 2 2 2 2 2 2 2 2 2 2 2 2 2 

5160: 2 2 2 2 2 2 2 2 2 2 2 2 2 2 2 2 

5170: 2 2 2 2 2 2 2 2 2 2 2 2 2 2 2 2 

5180: 2 2 2 2 2 2 2 2 2 2 2 2 2 2 2 2 

5190: 2 2 2 2 2 2 2 2 2 2 2 2 2 2 2 2 

51A0: 2 2 2 2 2 2 2 2 2 2 2 2 2 2 2 2 

51B0: 2 2 2 2 2 2 2 2 2 2 2 2 2 2 2 2 

51C0: 2 2 2 2 2 2 2 2 2 2 2 2 2 2 2 2 

51D0: 2 2 2 2 2 2 2 2 2 2 2 2 2 2 2 2 

51E0: 2 2 2 2 2 2 2 2 2 2 2 2 2 2 2 2 

51F0: 2 2 2 2 2 2 2 2 2 2 2 2 2 2 2 2 

5200: 2 2 2 2 2 2 2 2 2 2 2 2 2 2 2 2 

5210: 2 2 2 2 2 2 2 2 2 2 2 2 2 2 2 2 

5220: 2 2 2 2 2 2 2 2 2 2 2 2 2 2 2 2 

5230: 2 2 2 2 2 2 2 2 2 2 2 2 7D 7D 62 7D 

5240: 2 2 2 2 2 2 7D 7D 22 7D 60 2 7D 20 7D 49 

5250: 7D 7D 18 12 7D 4 7D 4E 7D C3 7D 4E 7D 7D 2 4F 

5260: 7D 7D 2 2 2 2 2 2 2 2 2 2 2 2 2 2 

5270: 2 2 2 2 2 2 2 2 2 2 2 2 2 2 2 2 

5280: 2 2 2 2 2 2 2 2 2 2 2 2 2 2 2 2 

5290: 2 2 2 2 2 2 2 2 2 2 2 2 2 2 2 2 

52A0: 2 2 2 2 2 2 2 2 2 2 2 2 2 2 2 2 

52B0: 2 2 2 2 2 2 2 2 2 2 2 2 2 2 2 2 

52C0: 2 2 2 2 2 2 2 2 2 2 2 2 2 54 2 2 

52D0: 2 2 2 2 2 2 2 2 2 2 2 2 2 2 2 2 

52E0: 2 2 2 2 2 2 2 2 2 2 2 2 2 2 2 2 

52F0: 2 2 2 2 2 2 2 2 2 2 2 2 2 2 2 2 

5300: 2 2 2 14 31 74 64 68 64 63 31 16 9 7D 59 40
